147
152
166
168
166
187
204
194
169
169
184
193
201
203
188
176
171
176
171
166
134
104
103
117
107
90
82
73
64
67
77
81
80
90
86
80
71
68
67
80
88
73
61
81
90
84
77
67
28
-3
-7
4
19
29
36
22
18
34
57
76
91
90
73
58
48
36
28
37
61
71
54
36
25
21
21
11
7
10
22
48
70
86
87
84
90
85
73
81
84
76
81
89
88
80
75
82
77
65
52
45
44
55
73
85
82
81
73
77
97
119
131
136
139
138
134
131
124
121
117
100
60
18
-2
-18
-27
-20
9
55
80
81
74
85
114
132
116
86
66
48
49
67
84
82
82
86
76
70
67
44
37
52
38
0
-18
-10
3
24
45
43
32
25
34
40
52
68
64
36
20
20
22
35
57
54
-8
-84
-142
-193
-232
-236
-234
-227
-215
-205
-194
-156
-90
-23
39
96
121
136
148
163
170
179
194
209
208
195
172
141
129
133
140
149
161
153
140
144
147
141
146
152
160
163
179
186
173
152
140
131
117
97
69
42
42
54
42
22
18
21
36
71
102
109
116
132
131
112
102
104
106
100
90
82
67
66
65
53
42
33
19
18
32
37
28
28
33
24
19
22
24
34
52
65
56
41
32
25
22
17
3
-3
-4
8
25
40
48
38
24
25
33
35
40
53
56
38
23
21
22
38
65
83
96
104
114
115
120
103
58
44
69
81
58
10
-33
-51
-24
20
44
48
45
48
52
53
55
42
25
17
-8
-36
-36
-22
-12
-12
-17
-11
1
24
27
4
-19
-18
0
8
-1
-21
-26
-7
9
10
2
2
4
-1
-10
-3
8
19
26
7
-20
-41
-56
-43
-26
-10
-10
-17
-7
6
32
70
97
88
59
39
4
-34
-45
-45
-50
-40
-6
39
81
91
83
58
34
6
-14
-21
-12
-3
18
41
58
52
39
38
50
65
71
58
39
32
32
25
26
41
44
35
37
42
40
37
29
17
-2
-4
11
36
53
56
40
24
22
33
40
54
60
50
44
58
58
57
60
73
77
81
74
51
40
55
59
53
56
64
57
64
92
106
105
120
133
133
141
151
151
147
154
156
138
130
135
146
155
145
108
84
89
101
90
71
64
55
48
44
49
44
44
53
58
59
58
58
60
57
51
42
36
40
44
42
42
55
72
82
86
82
85
107
109
97
93
92
80
80
97
108
108
106
96
81
70
55
50
67
76
72
54
51
70
81
74
83
102
118
134
145
140
132
145
166
171
171
168
149
137
140
140
124
119
120
103
81
70
70
73
77
71
61
59
53
48
48
54
67
88
98
87
67
58
71
76
87
96
86
66
54
57
58
50
37
21
7
1
16
27
12
-5
-10
6
55
88
76
48
35
40
58
67
55
22
-23
-60
-75
-65
-22
34
69
83
74
50
29
34
33
23
22
17
3
6
21
25
8
3
7
10
12
16
5
-23
-68
-81
-51
-1
35
52
67
82
76
73
76
75
53
28
22
17
3
-8
-13
4
27
39
32
17
10
7
-7
-19
-4
32
69
87
73
52
59
72
68
58
54
41
24
10
4
18
54
72
55
24
-5
-27
-17
22
58
82
99
109
112
109
118
114
97
75
52
22
1
5
26
41
52
53
38
23
2
-49
-117
-165
-190
-211
-212
-198
-184
-178
-172
-164
-145
-84
-4
53
92
119
123
122
130
151
173
194
204
197
178
165
166
179
198
213
213
202
195
169
123
89
97
115
121
122
116
105
117
134
136
134
138
146
164
171
152
100
65
64
72
72
67
56
52
58
68
65
70
91
102
84
76
75
68
74
92
99
102
103
103
102
109
105
75
44
36
34
22
20
19
3
-11
-11
0
27
49
48
21
6
9
19
17
11
8
0
-2
2
4
11
26
29
11
-11
-51
-84
-97
-70
-33
-8
20
39
20
0
-8
-18
-14
0
-2
-42
-84
-99
-91
-84
-68
-55
-46
-45
-49
-49
-30
-2
20
33
44
43
32
13
-12
-56
-85
-71
-40
-17
3
19
38
57
75
76
59
41
10
-30
-56
-42
-23
-13
-4
23
56
86
97
86
75
70
64
58
49
36
26
26
35
37
23
-6
-36
-44
-17
10
16
11
10
3
6
33
52
49
43
44
39
22
25
34
27
34
60
71
60
54
50
38
40
57
72
84
93
88
73
67
71
70
86
114
119
114
131
152
164
165
163
153
147
152
165
181
198
195
169
154
160
168
169
167
154
133
130
146
145
147
160
166
150
139
140
140
135
124
107
98
86
81
69
66
66
49
24
11
8
10
18
18
16
32
52
51
27
17
27
40
50
64
72
68
60
57
50
49
60
54
39
36
27
9
-2
-9
-4
27
74
98
97
91
90
91
96
101
92
69
54
49
42
53
70
72
64
65
60
52
48
43
35
35
49
55
42
33
41
60
81
97
97
98
112
124
109
88
87
93
98
104
93
58
24
18
28
51
70
68
59
64
65
65
73
86
84
81
83
81
71
73
85
87
83
77
88
91
93
102
96
99
123
131
116
109
130
146
155
154
139
130
139
153
161
151
144
132
114
103
103
108
101
65
16
-8
2
29
40
41
39
19
3
1
7
26
43
42
25
6
-7
-23
-22
18
64
84
76
64
53
66
88
100
93
80
49
-2
-44
-70
-65
-27
21
57
53
33
17
8
17
34
35
20
1
-26
-42
-23
-1
17
54
101
122
114
104
99
81
55
51
50
48
44
41
27
9
-11
-23
-11
25
67
92
98
88
84
90
103
93
71
55
26
-19
-44
-28
2
28
55
56
38
43
64
66
58
56
49
34
24
26
32
36
48
54
59
71
80
65
52
48
24
0
-3
-5
-17
-10
21
56
67
75
90
105
129
140
136
109
58
-6
-78
-139
-183
-218
-233
-234
-242
-261
-283
-295
-274
-199
-106
-45
-6
39
85
119
139
134
121
129
145
150
136
114
82
54
48
54
55
57
75
73
43
25
24
19
11
2
-19
-28
-2
35
59
67
65
60
70
84
88
81
77
84
65
26
1
-13
-10
20
61
89
100
93
83
70
71
83
97
112
116
101
92
97
96
84
84
99
102
99
101
97
87
98
109
112
116
119
108
85
52
38
44
55
54
37
25
41
74
99
103
101
99
105
106
82
61
76
90
81
67
65
64
61
72
71
64
70
89
98
98
105
113
99
93
103
108
119
129
124
133
138
132
103
87
100
112
104
93
87
88
91
93
82
76
97
114
109
105
104
96
80
59
34
5
4
16
20
25
36
40
51
55
61
68
82
97
89
57
26
18
32
45
41
19
21
48
54
50
53
50
33
11
4
-4
-11
2
22
32
36
50
59
68
74
76
71
73
73
56
55
82
99
97
97
101
105
113
115
100
88
86
56
25
18
28
36
39
40
35
35
66
92
112
129
124
106
92
91
90
99
118
129
130
130
131
130
128
133
129
96
65
70
87
97
104
97
68
56
60
54
38
33
34
26
19
22
12
9
19
9
-12
-23
-8
12
32
36
12
-22
-33
6
88
161
178
148
132
152
189
229
250
237
209
196
196
180
165
165
179
178
169
170
171
178
196
196
176
169
185
200
211
209
186
154
140
145
139
134
129
118
113
120
117
91
66
35
4
-18
-22
-11
3
29
39
21
5
-2
-3
28
73
76
37
5
-18
-41
-52
-20
24
55
54
25
-9
-20
2
20
23
12
-8
-36
-43
-28
-25
-35
-18
7
21
24
23
5
0
3
-10
-46
-65
-68
-76
-85
-62
-30
4
44
65
43
22
20
20
3
-14
-38
-54
-39
-3
25
56
89
91
66
43
24
-4
-36
-50
-54
-77
-89
-67
-28
9
40
38
11
-6
-22
-35
-24
-19
-28
-37
-45
-51
-28
-1
17
17
19
26
21
6
-12
-39
-61
-66
-53
-50
-52
-39
-28
-11
22
45
43
34
11
-14
-49
-60
-61
-57
-43
-18
-6
-1
19
69
108
107
71
11
-30
-44
-45
-34
-13
2
3
1
3
0
-14
-33
-45
-42
-25
-22
-37
-43
-24
2
16
9
6
-5
-35
-65
-76
-71
-51
-43
-44
-35
-11
-9
-10
-7
-9
-20
-18
-8
-7
-4
7
16
8
-11
-34
-54
-45
-20
-11
-21
-25
-22
-4
20
33
24
10
2
-7
-25
-33
-17
-1
-12
-68
-137
-173
-154
-134
-163
-215
-244
-247
-242
-220
-185
-155
-115
-54
3
57
112
141
156
172
181
179
186
208
215
200
197
229
251
248
236
234
226
215
182
144
124
114
104
108
120
123
119
120
139
156
167
177
178
179
181
184
180
172
171
162
147
152
156
156
160
165
168
170
173
173
172
170
155
148
163
171
162
152
163
178
192
201
193
154
106
58
36
50
96
134
133
117
120
130
136
152
183
202
189
166
152
153
154
139
129
150
177
168
146
136
131
118
119
123
112
89
68
52
44
42
26
-1
-13
0
37
77
88
66
41
54
71
66
45
32
16
4
2
0
-2
9
36
38
16
-4
-12
-6
22
59
76
82
88
83
64
58
55
44
37
29
17
-6
-12
2
35
74
100
104
100
91
70
41
36
22
-8
-26
-5
34
69
88
92
85
87
98
93
85
84
75
50
23
19
26
44
66
65
52
44
42
36
32
24
13
5
4
11
25
38
41
35
38
55
71
64
60
67
57
44
54
64
53
38
42
42
37
27
18
26
56
68
61
57
51
28
26
50
72
81
82
81
73
81
90
74
42
49
65
51
40
56
80
90
98
99
96
112
129
136
137
144
134
131
148
169
182
187
189
182
161
150
145
140
136
135
119
92
88
87
72
60
52
40
40
45
55
66
76
86
84
82
82
71
53
29
18
16
19
19
12
9
21
35
39
36
24
2
-11
-10
-1
23
66
92
89
83
81
84
80
69
49
22
7
8
6
-1
-2
27
72
106
120
104
82
80
80
73
59
38
12
8
19
12
16
29
39
40
40
49
49
43
44
28
-3
-22
1
52
86
84
56
40
42
35
23
26
49
67
71
64
53
48
66
84
74
37
0
-25
-40
-45
-42
-28
-3
21
43
66
72
66
58
58
66
64
60
57
35
2
-6
-1
0
6
9
4
-13
-19
-5
11
32
42
35
21
8
-10
-40
-45
-27
-6
2
10
3
-4
6
36
51
44
25
-10
-44
-54
-49
-37
-24
-22
-40
-69
-69
-61
-59
-42
-27
-30
-35
-24
-12
0
27
35
8
-23
-43
-61
-71
-76
-74
-68
-56
-37
-20
-7
13
36
41
35
13
-8
-24
-26
-22
-22
-18
-8
0
28
68
83
74
70
56
37
19
2
-25
-52
-61
-57
-41
-1
42
75
98
97
71
66
69
72
64
51
38
20
8
17
16
-3
-10
12
44
55
49
21
4
12
37
49
49
48
35
19
16
12
23
55
69
36
-10
-51
-74
-109
-147
-161
-152
-129
-100
-86
-71
-22
55
123
177
200
197
197
217
244
262
279
293
288
283
285
273
256
265
273
273
282
288
253
213
197
197
202
210
203
186
168
156
151
157
182
200
194
172
170
188
202
197
180
170
184
188
165
140
147
145
132
120
112
91
68
55
44
38
50
66
69
72
80
75
65
70
80
71
60
58
57
64
70
69
68
68
49
16
1
2
9
23
21
8
-4
-2
25
50
56
59
58
42
32
32
35
40
33
-18
-70
-67
-24
17
49
69
66
51
59
68
57
41
34
23
7
-1
9
43
87
101
90
80
81
75
66
52
32
3
-8
-10
-7
16
57
83
76
61
69
77
82
82
70
60
71
70
53
45
50
43
35
34
33
40
59
69
65
65
60
50
23
7
-17
-43
-45
-28
-18
-17
2
42
83
101
92
68
53
66
68
48
16
-1
-2
7
36
49
40
24
17
19
19
16
7
-8
-10
4
34
64
71
52
22
4
11
23
24
1
-26
-24
2
21
36
33
8
-17
-13
12
40
44
37
33
44
72
92
86
72
73
73
59
52
49
35
26
38
36
20
23
32
22
13
22
23
25
29
42
53
61
57
38
34
52
60
51
45
43
28
20
17
-3
-21
-1
38
84
113
100
59
34
38
52
52
45
42
28
17
32
54
60
70
89
102
99
90
85
86
91
93
82
87
108
113
98
88
73
73
93
103
90
75
70
55
37
36
51
43
21
17
9
-4
-3
8
11
3
-7
-6
8
11
-3
-25
-19
7
24
28
23
8
-2
-3
13
36
49
40
21
3
-6
-19
-13
