173
173
168
171
151
135
125
124
124
112
73
44
53
80
90
69
36
29
43
65
65
56
57
58
58
58
56
66
82
114
113
92
100
133
133
91
51
41
38
22
9
24
72
87
57
17
36
104
151
119
23
-30
-8
40
67
60
49
23
5
12
0
-58
-50
-4
20
8
-1
2
-6
-20
8
38
44
40
43
52
40
17
12
27
41
21
-11
-17
9
37
57
75
76
49
27
48
68
72
92
96
61
36
25
55
65
56
60
76
101
134
128
72
29
37
64
89
81
36
-10
-25
-20
-11
-14
-22
-19
2
25
37
43
52
54
52
25
21
50
77
70
35
27
55
92
90
73
75
102
124
75
21
28
88
104
52
4
6
60
115
144
137
115
109
135
146
134
134
150
168
181
186
179
171
178
193
203
165
119
145
196
234
218
164
133
135
160
170
166
163
151
135
114
123
162
162
100
55
66
87
72
56
43
29
67
120
116
83
50
38
50
60
60
38
27
50
56
36
27
40
50
20
-25
-49
-43
-10
17
11
-33
-69
-82
-117
-137
-119
-90
-54
-29
-36
-37
-39
-30
-60
-88
-92
-87
-59
-17
3
-18
-33
-19
20
43
20
0
32
93
109
73
55
53
57
75
102
107
117
133
149
155
160
164
182
212
221
201
212
231
231
218
204
198
195
201
209
213
237
305
356
358
320
280
296
323
341
368
393
417
436
487
519
453
364
344
364
371
359
403
443
405
365
340
336
370
408
439
435
411
411
426
419
378
346
336
342
352
328
285
261
272
305
337
307
220
171
194
231
244
248
257
268
274
268
264
290
327
345
310
289
283
294
259
200
198
220
234
226
180
137
133
150
141
107
80
87
105
77
20
-13
1
22
18
10
22
41
68
82
76
40
22
45
61
36
3
0
32
55
39
-20
-56
-28
7
-8
-51
-74
-83
-92
-70
-54
-76
-98
-90
-83
-87
-86
-71
-66
-97
-134
-145
-132
-115
-102
-108
-131
-140
-114
-73
-49
-54
-38
-6
-23
-76
-117
-136
-138
-132
-110
-102
-91
-74
-57
-49
-62
-98
-93
-57
-38
-50
-66
-71
-76
-85
-76
-49
-18
-12
-35
-62
-98
-76
-30
-7
-12
-35
-60
-50
-14
16
24
-2
-43
-69
-55
-19
-2
-6
-21
-37
-67
-84
-73
-53
-42
-44
-40
-18
5
12
-12
-43
-43
-28
-21
-21
-22
-6
4
-8
-27
-49
-75
-91
-72
-50
-43
-55
-59
-66
-76
-91
-77
-56
-56
-76
-91
-81
-49
-22
-7
5
17
32
33
-26
-56
-28
9
7
-13
-7
20
26
29
28
16
24
53
64
55
36
11
22
57
74
48
7
-2
12
29
44
39
17
-6
2
55
116
114
86
66
67
64
61
73
96
106
105
104
108
106
106
122
139
146
118
69
54
64
53
43
34
13
2
1
11
42
77
83
61
50
48
52
28
23
54
67
64
74
38
-6
2
23
26
22
2
-10
-5
2
16
8
-3
6
39
66
99
102
41
-12
-20
-10
-14
-11
-6
-20
-34
-18
23
55
71
64
39
25
38
32
16
36
52
29
11
12
26
40
44
28
50
101
87
74
67
25
8
39
75
76
57
48
50
55
59
72
87
89
86
82
75
82
100
106
96
96
100
93
65
48
67
116
161
139
38
-11
29
116
180
232
278
280
281
326
379
443
487
482
453
418
369
314
301
328
339
315
273
232
240
267
262
220
202
217
253
272
261
264
291
293
243
219
281
373
423
394
328
248
218
241
273
265
251
237
200
199
263
330
369
370
364
354
344
360
393
448
485
480
452
410
386
395
400
389
386
372
343
323
316
336
352
349
315
275
267
283
285
289
278
250
227
218
205
182
171
166
148
114
86
90
96
97
93
68
51
69
93
64
0
-28
12
73
91
60
37
42
71
90
101
124
166
208
210
186
197
235
288
324
354
358
336
363
442
467
444
500
581
601
593
603
646
682
693
694
698
715
738
743
732
720
701
689
674
657
637
621
609
588
567
554
546
532
514
491
470
454
440
424
407
389
374
360
352
339
322
308
296
289
278
268
258
247
241
237
235
229
219
210
196
187
186
184
178
165
167
168
164
164
160
148
134
123
120
120
118
106
93
96
105
113
108
101
99
101
100
88
75
76
81
80
74
60
49
45
51
52
41
28
21
18
35
57
54
44
52
60
70
80
71
53
33
18
12
12
9
-2
-18
-18
0
28
64
87
101
112
103
73
39
16
-6
-42
-83
-114
-147
-171
-182
-193
-222
-257
-251
-257
-295
-369
-455
-508
-525
-530
-522
-521
-523
-516
-497
-494
-541
-603
-626
-617
-616
-599
-570
-523
-474
-467
-490
-508
-523
-541
-536
-509
-476
-429
-344
-332
-419
-406
-333
-291
-264
-261
-327
-444
-458
-393
-370
-381
-401
-410
-433
-437
-460
-472
-483
-466
-465
-472
-469
-460
-465
-477
-487
-468
-426
-439
-486
-514
-507
-494
-478
-469
-478
-492
-487
-459
-435
-438
-476
-524
-545
-537
-529
-541
-568
-586
-561
-557
-598
-631
-642
-628
-587
-582
-602
-616
-588
-546
-535
-563
-581
-580
-546
-541
-602
-615
-570
-530
-518
-536
-570
-583
-561
-518
-481
-482
-506
-517
-521
-503
-451
-377
-348
-370
-390
-395
-386
-344
-347
-343
-338
-349
-363
-344
-313
-289
-251
-212
-199
-225
-231
-202
-174
-172
-185
-181
-152
-114
-93
-99
-76
-6
57
83
72
73
107
154
169
137
116
114
128
139
130
117
131
164
202
199
188
156
74
10
7
23
32
41
44
27
12
18
44
61
56
55
38
20
70
144
168
149
114
105
128
133
100
57
43
66
80
45
10
22
37
24
-5
-12
4
17
0
-21
-44
-33
4
36
22
0
-4
8
20
-13
-43
-13
34
64
48
35
57
98
123
116
49
-6
9
49
54
22
24
61
89
70
41
40
50
56
73
59
8
-7
36
85
86
45
37
69
102
107
86
76
101
122
122
91
73
74
84
83
75
51
48
75
88
72
71
90
108
92
49
25
35
59
77
91
99
87
73
83
88
85
106
187
180
88
40
61
104
123
102
74
89
136
180
201
194
209
228
225
201
150
118
128
146
128
99
103
148
192
196
135
96
117
172
203
192
182
185
212
250
257
296
311
265
224
242
300
327
278
213
201
234
249
266
267
246
232
232
240
247
259
247
235
258
282
269
218
187
188
225
259
266
272
257
244
224
197
192
220
229
187
141
131
139
139
137
149
176
208
229
224
119
43
84
163
182
134
77
60
87
117
87
48
68
119
118
56
2
-3
35
59
49
28
33
68
66
44
59
82
90
88
98
104
89
104
131
101
81
97
128
122
92
84
100
124
140
125
97
86
98
108
107
98
84
93
108
112
115
131
149
165
150
109
66
76
137
173
134
64
24
44
73
90
74
40
37
61
71
64
51
49
51
56
70
54
27
11
10
18
2
-23
-13
-3
-2
-21
-42
-43
-27
-21
-27
-44
-44
-59
-83
-91
-71
-26
-4
-12
-28
-35
-25
-17
-20
-44
-82
-90
-65
-46
-49
-39
-42
-51
-37
-30
-54
-69
-58
-29
19
10
-12
23
57
19
-20
0
39
36
7
-8
-36
-41
-8
29
27
12
21
16
16
49
42
10
16
28
16
5
18
5
-27
-22
0
22
17
-29
-61
-56
-21
4
-1
-33
-59
-60
-39
-26
-22
-22
-38
-50
-44
-42
-39
-1
27
24
20
-1
-45
-54
4
43
19
-19
-36
-41
-26
-23
-38
-26
1
41
39
-8
-36
-24
-14
-18
-14
-11
-10
6
51
85
67
43
37
35
27
36
55
68
35
-2
16
58
38
10
6
29
57
72
66
39
16
24
40
39
33
23
41
72
64
35
27
42
55
53
43
34
37
44
66
88
100
116
146
166
137
96
88
116
145
122
80
84
112
150
187
179
137
139
166
183
167
120
102
128
150
134
115
131
157
150
129
106
117
117
90
85
84
103
140
149
121
100
98
118
131
139
116
99
140
186
180
132
105
129
121
76
50
72
105
112
100
97
92
98
107
122
145
161
197
219
201
131
72
66
87
87
66
65
69
70
76
101
92
86
134
153
144
106
87
114
145
122
89
97
134
166
170
150
129
116
116
85
60
93
128
103
58
34
26
52
86
105
107
102
86
81
102
101
60
57
112
161
123
37
1
24
44
59
71
64
59
83
114
93
24
-1
40
88
72
44
51
75
92
80
67
91
107
108
112
102
93
89
98
97
87
69
57
57
56
32
24
55
73
69
85
101
119
130
117
87
71
90
132
147
128
122
145
134
117
106
117
122
107
82
52
28
29
44
50
48
52
67
88
96
73
53
35
48
70
104
128
122
109
82
40
27
29
36
42
25
-6
-6
23
68
56
22
17
54
101
100
40
1
9
38
43
33
6
-18
-5
33
69
84
82
51
17
23
54
45
17
-3
-8
-18
-1
26
40
50
89
115
84
36
38
52
59
74
90
82
56
21
8
18
36
23
5
32
67
88
82
60
80
114
112
96
85
99
104
65
20
21
70
85
66
55
44
37
43
55
48
38
16
-6
-13
-1
-3
-9
-5
0
-2
4
12
27
40
39
36
34
55
76
59
44
41
41
35
32
36
24
36
81
99
59
-14
-37
23
75
73
32
20
42
60
73
55
36
57
67
56
21
0
17
37
53
25
-41
-56
0
70
77
50
58
66
48
45
55
69
81
71
68
68
76
86
57
50
58
66
66
57
52
35
21
24
28
32
44
48
49
58
76
67
44
66
73
72
40
4
22
43
40
16
-12
4
45
65
66
76
89
75
56
69
83
89
89
81
104
87
54
73
112
122
93
72
84
98
74
24
-4
17
68
90
76
59
66
91
104
73
22
20
55
71
53
43
64
80
88
92
96
90
87
77
68
104
105
80
87
73
67
83
97
89
73
54
52
80
98
85
68
70
77
84
69
55
73
116
85
48
68
88
92
85
49
9
4
28
69
117
122
88
51
32
27
37
52
48
32
33
41
45
52
57
58
67
55
38
28
27
32
25
19
10
9
24
34
37
53
83
99
81
54
42
52
65
70
68
84
100
80
59
53
34
57
89
55
34
53
85
99
81
67
81
87
84
83
74
77
77
64
88
107
74
37
37
54
33
26
44
53
60
57
56
69
70
69
72
82
97
97
93
100
100
109
146
136
85
34
34
68
89
81
58
59
105
108
86
104
121
121
112
76
36
22
32
49
64
69
73
89
98
74
75
85
67
76
112
93
40
54
91
71
34
22
22
33
37
18
4
20
43
64
58
60
98
98
68
54
41
24
26
64
77
45
8
22
61
75
67
50
61
96
115
90
54
40
53
80
104
103
84
74
75
67
50
38
51
65
56
35
27
48
70
92
102
85
66
72
92
99
97
87
88
86
60
38
51
93
112
87
71
75
84
93
93
70
44
57
65
52
39
48
77
98
81
84
117
134
86
32
54
107
139
116
66
40
25
25
41
56
52
21
-13
-7
28
41
41
70
75
53
42
59
67
56
40
32
26
21
35
87
130
112
58
35
37
35
41
35
24
34
49
49
51
73
101
102
83
59
52
45
56
76
103
113
81
36
33
68
69
34
1
-17
-27
-24
19
51
29
-12
-35
-29
-17
1
25
53
60
51
22
19
38
56
58
41
45
69
82
64
36
20
25
44
48
35
26
38
54
68
69
54
50
52
57
60
70
72
52
67
137
163
103
38
32
25
33
58
106
151
122
67
29
19
42
92
119
114
102
84
88
103
92
80
84
83
89
114
121
105
112
130
122
88
55
35
24
32
64
83
80
84
91
108
120
130
157
187
168
102
74
133
208
204
172
198
233
235
218
202
226
264
274
247
203
168
176
225
253
244
242
256
257
225
181
173
188
182
164
138
114
99
128
163
147
101
69
50
51
45
18
-2
-6
-41
-99
-117
-106
-74
-56
-55
-44
-36
-52
-56
-44
-53
-60
-52
-54
-36
-29
-58
-78
-90
-108
-109
-98
-100
-113
-119
-124
-113
-78
-60
-77
-89
-75
-67
-91
-88
-82
-94
-90
-77
-81
-90
-91
-69
-55
-75
-102
-92
-57
-39
-39
-38
-29
-12
-6
-4
11
2
-8
17
41
23
-5
-8
0
25
65
74
69
80
120
130
90
54
69
97
101
87
82
84
85
91
119
153
157
118
72
80
144
177
177
146
115
118
145
179
176
148
147
130
133
169
204
208
189
179
192
210
204
220
244
246
246
263
261
229
204
202
212
201
167
147
146
151
