-253
-210
-210
-302
-277
-92
-108
-392
-498
-389
-270
-236
-248
-265
-282
-280
-337
-330
-309
-278
-253
-210
-210
-302
-277
-92
-108
-392
-498
-389
-270
-236
-248
-265
-282
-280
-94
-125
-83
9
74
69
40
36
25
23
33
20
-20
-46
-40
-20
-7
-1
3
-17
-53
-55
-37
-43
-45
-28
-17
-6
-14
-46
-68
-38
-10
-23
-55
-70
-92
-118
-91
-59
-73
-104
-98
-76
-59
-46
-40
28
82
10
-67
-83
-75
-68
-58
-54
-53
-38
-30
-23
-36
-41
-42
-33
-1
9
-12
-35
-18
24
50
39
-2
-23
-8
-37
-81
-84
-89
-89
-55
-54
-114
-137
-115
-97
-108
-124
-125
-116
-117
-139
-92
24
17
-107
-169
-134
-67
-44
-98
-124
-102
-97
-98
-84
-46
-14
-38
-83
-77
-27
16
29
23
21
33
41
87
86
71
92
109
104
72
35
25
32
16
26
64
82
49
5
-5
8
43
86
80
33
28
71
66
33
32
49
92
72
19
3
27
45
39
33
37
50
55
77
87
55
21
18
33
52
100
105
70
117
192
92
-45
-69
-4
55
37
-28
-56
-44
-18
23
76
123
135
88
50
58
90
99
89
97
115
129
124
108
103
124
167
164
96
67
100
148
163
123
83
81
61
33
16
32
80
133
100
48
49
36
20
24
42
54
44
36
40
52
70
74
55
28
9
-1
-7
7
34
18
-42
-88
-83
-22
26
4
-59
-101
-89
-56
-54
-74
-81
-98
-101
-46
-13
-36
-77
-78
-27
-4
11
27
52
101
60
-13
17
41
-11
-66
-49
3
53
50
28
35
57
112
199
241
196
121
99
129
160
162
130
90
97
103
99
98
123
138
117
116
176
215
176
146
140
140
141
141
136
157
170
141
139
170
176
139
125
161
196
170
102
48
49
90
145
195
204
168
134
89
72
103
150
177
116
23
-10
11
50
77
96
101
119
136
124
91
82
109
133
124
90
73
93
102
97
76
98
148
165
154
109
103
93
83
101
156
164
52
-24
6
49
65
68
65
64
96
140
150
134
147
156
121
73
61
86
100
83
71
68
58
76
112
122
91
58
61
74
91
69
17
9
9
0
-4
28
60
51
42
16
1
-2
-11
-18
-22
-20
-21
-43
-58
-53
-30
-11
-3
-13
-2
32
16
-18
-25
-2
22
8
-29
-39
-51
-44
-36
-22
0
8
3
2
4
19
68
107
80
17
-11
-7
-25
-21
23
35
5
3
28
51
49
28
27
56
75
113
189
139
18
-3
43
73
61
43
25
1
0
58
121
136
103
77
89
83
45
42
57
56
84
133
147
144
170
176
150
140
124
97
71
82
108
129
167
184
149
132
148
169
155
113
74
70
75
88
100
100
106
114
106
104
90
83
107
139
129
82
64
89
117
103
67
83
106
87
68
76
91
82
57
57
71
57
44
43
61
80
74
52
39
49
33
-6
-23
-24
-20
-18
-19
-17
-25
-36
-1
84
65
-22
-45
5
36
5
-33
-43
-35
-11
-8
-24
-20
16
49
20
-36
-30
-4
1
-1
-24
-53
-42
-9
13
7
-10
-27
-37
-25
-2
-2
-26
-42
-38
-19
-9
-40
-67
-29
27
57
74
72
41
33
44
59
84
89
54
22
17
27
53
70
67
60
67
74
70
75
90
121
167
113
16
-5
17
28
21
17
17
25
49
68
84
89
86
86
109
120
106
97
102
108
102
104
136
150
120
80
70
75
72
60
44
34
25
34
44
56
70
67
55
22
-12
-21
-12
-11
-9
-7
-34
-54
-36
-5
6
-2
-23
-23
-4
5
0
4
26
38
49
45
29
36
53
58
56
52
53
60
76
82
58
36
85
155
87
-30
-39
19
42
26
11
7
13
26
41
50
44
56
76
82
72
67
58
60
64
66
60
44
43
48
50
50
53
36
9
8
34
55
42
38
58
70
65
75
103
148
233
233
138
90
115
161
185
179
166
138
106
117
163
195
198
179
140
131
154
165
165
168
196
218
204
202
220
235
231
204
193
192
210
233
245
242
226
215
221
241
264
308
362
311
220
212
247
278
281
276
277
288
298
307
321
332
356
340
297
277
280
304
313
306
299
306
321
332
343
359
364
337
290
267
279
292
279
260
247
234
220
229
248
246
246
243
216
200
182
152
134
128
109
88
84
91
82
54
37
40
38
18
0
6
12
9
5
41
93
27
-86
-109
-70
-44
-61
-78
-90
-104
-106
-115
-133
-142
-158
-161
-162
-198
-241
-268
-261
-243
-229
-230
-246
-251
-268
-277
-273
-268
-266
-269
-279
-277
-253
-229
-216
-220
-229
-246
-260
-259
-251
-260
-283
-289
-283
-297
-300
-229
-154
-227
-326
-310
-214
-177
-195
-215
-217
-202
-170
-149
-134
-122
-109
-92
-75
-62
-38
-5
13
10
11
21
26
49
81
84
82
118
140
67
7
24
73
104
97
64
48
68
117
163
164
150
160
170
166
153
150
161
173
177
170
171
188
194
152
114
119
134
149
157
134
92
76
82
74
64
57
67
73
74
75
76
87
99
105
104
106
117
121
130
148
156
162
178
234
264
181
113
120
155
176
171
163
164
180
202
219
243
256
235
217
210
197
187
178
162
155
172
184
186
183
185
196
185
170
156
149
140
146
155
149
132
132
141
150
150
141
139
161
193
259
251
163
118
150
181
176
157
133
96
86
107
131
139
138
133
118
105
104
97
90
92
99
107
121
101
77
76
83
84
81
74
81
83
88
99
115
120
107
102
114
133
148
168
235
240
152
105
130
166
173
169
167
167
176
198
224
227
220
221
214
196
182
180
185
172
144
119
121
148
169
173
161
144
134
138
153
180
243
269
195
131
134
178
200
194
211
213
197
186
171
180
216
240
233
215
197
187
194
202
218
233
236
240
249
263
261
256
260
273
268
262
324
377
310
249
265
296
316
324
315
305
290
290
285
278
283
300
284
268
289
296
278
247
226
226
232
236
233
229
219
214
208
199
200
231
295
229
113
88
128
140
119
87
58
48
53
66
85
108
115
99
76
68
68
67
64
68
82
90
88
72
48
20
6
8
4
-9
-19
17
65
4
-66
-65
-25
-18
-34
-61
-89
-99
-99
-93
-89
-78
-60
-52
-70
-97
-101
-100
-101
-90
-76
-89
-106
-108
-101
-97
-85
-70
-55
-42
-35
-29
-19
-2
2
-7
-19
-10
26
99
65
-17
-34
-6
22
39
33
39
54
38
-7
-40
-28
-1
11
3
-22
-36
-18
11
23
10
6
10
9
0
-6
-1
2
6
16
26
27
19
5
8
35
90
58
-38
-76
-60
-27
-22
-41
-68
-72
-55
-41
-40
-27
-4
6
0
-7
-11
-22
-35
-38
-34
-38
-42
-39
-40
-44
-46
-23
42
41
-51
-98
-76
-30
-19
-54
-100
-119
-115
-106
-94
-84
-69
-61
-72
-91
-105
-113
-115
-117
-116
-101
-74
-72
-81
-87
-82
-71
-51
5
-26
-125
-156
-116
-60
-36
-29
-36
-40
-25
-3
2
-4
-20
-17
3
5
-3
6
25
21
16
20
19
3
-6
-7
-8
16
52
-19
-100
-91
-59
-56
-61
-68
-82
-87
-71
-45
-22
-1
12
24
35
36
23
9
10
35
69
91
104
138
225
220
114
52
73
130
136
108
92
87
90
99
101
105
117
117
101
97
113
119
105
74
65
81
103
107
130
170
103
10
-3
33
59
61
54
52
50
41
42
64
81
91
88
72
43
22
16
11
9
7
8
-1
-12
-28
-19
38
2
-93
-103
-50
-8
-7
-26
-36
-20
-8
-19
-34
-27
-9
-3
-11
-12
16
42
50
50
52
75
100
108
107
113
129
146
157
194
262
226
121
85
116
132
108
68
25
8
6
9
29
67
92
96
76
55
38
34
39
41
37
19
3
0
-3
-21
-45
-75
-92
-90
-82
-53
17
-4
-101
-129
-100
-72
-68
-82
-90
-85
-87
-106
-114
-84
-50
-34
-29
-40
-54
-56
-50
-37
0
76
64
-36
-69
-28
18
25
1
-22
-24
-13
-8
-9
-6
-6
-10
-13
-19
-24
-26
-19
-13
-18
-12
-3
6
1
-7
-8
-6
5
17
35
96
118
22
-49
-24
35
56
28
-8
-21
-10
7
26
52
70
80
76
70
58
49
50
65
76
74
67
66
68
61
56
103
136
43
-37
-30
4
26
21
-1
-13
-12
0
12
16
19
26
28
21
9
5
8
12
26
41
53
64
73
69
59
56
60
59
49
40
52
82
117
185
196
98
48
81
121
125
106
89
81
68
70
89
104
117
122
121
118
123
132
133
137
148
160
176
202
225
216
188
179
194
214
229
242
243
231
248
296
247
164
156
198
225
229
221
213
213
226
243
259
261
251
247
241
227
208
188
181
171
165
157
155
164
162
149
144
146
177
234
193
112
99
137
165
149
112
83
74
84
99
107
120
138
154
150
135
131
131
122
106
93
101
115
128
119
120
177
154
52
5
24
59
74
65
40
24
22
21
34
58
71
66
59
65
74
71
50
33
41
72
92
96
86
76
80
89
100
140
188
138
73
75
108
124
104
74
68
75
81
86
99
114
117
106
98
100
106
114
113
118
118
113
118
112
88
76
75
67
67
87
108
152
195
124
44
41
75
96
100
74
33
17
26
40
42
54
75
80
55
34
33
35
24
19
35
37
22
5
1
18
86
89
-3
-49
-23
4
9
3
3
3
-3
-19
-23
-2
20
24
18
10
3
7
32
48
39
23
24
45
65
101
137
68
-12
-4
56
101
104
80
50
34
51
71
90
114
131
144
144
146
160
226
251
172
116
122
146
154
160
152
145
146
138
130
146
171
186
187
180
177
186
209
210
198
199
220
295
311
208
137
154
212
256
258
235
227
240
257
256
234
228
234
242
233
226
220
219
227
274
320
253
184
182
204
209
203
211
218
224
224
230
244
264
266
251
248
249
241
227
219
203
195
208
219
215
242
290
230
128
106
139
156
138
112
89
72
70
76
99
121
130
130
138
131
105
86
75
81
88
100
101
101
89
84
101
161
178
74
-19
-21
32
60
64
56
42
22
5
17
33
32
9
-9
-21
-34
-58
-88
-115
-123
-133
-124
-72
-100
-190
-227
-209
-190
-198
-218
-242
-242
-213
-184
-184
-219
-236
-234
-241
-254
-279
-292
-293
-285
-280
-263
-246
-220
-202
-204
-220
-238
-241
-227
-218
-227
-237
-205
-124
-152
-234
-241
-196
-156
-162
-189
-216
-227
-229
-221
-204
-195
-200
-217
-219
-200
-172
-161
-152
-147
-136
-129
-137
-139
-113
-55
-71
-182
-242
-230
-194
-166
-163
-170
-182
-185
-183
-181
-177
-164
-147
-137
-134
-125
-115
-108
-100
-74
-67
-72
-73
-69
-71
-84
-85
-60
-52
-39
1
-30
-105
-126
-99
-54
-36
-44
-55
-52
-42
-29
-17
0
16
22
26
25
24
28
38
65
85
92
99
102
132
192
154
86
90
131
147
140
132
128
121
129
140
161
181
186
179
180
189
185
176
177
180
180
196
210
213
225
229
263
272
186
138
162
185
169
137
120
119
134
162
198
225
229
225
231
241
220
179
141
131
136
145
144
135
132
144
154
145
115
97
107
134
179
235
183
92
81
121
151
139
115
87
60
60
83
97
105
120
129
129
139
136
116
105
109
119
135
138
121
109
115
120
123
123
114
140
146
59
9
32
64
74
56
29
21
24
24
28
44
68
86
88
85
80
74
67
60
82
112
117
86
40
32
57
69
64
51
65
134
130
38
2
25
60
73
59
37
21
22
26
38
71
108
119
99
65
38
25
19
23
38
39
25
67
113
55
9
23
42
52
50
48
56
59
53
58
71
88
104
104
89
86
100
100
98
113
132
128
130
137
137
120
92
89
102
106
105
138
196
155
81
61
86
115
120
103
84
80
76
83
88
101
102
96
90
105
124
120
102
91
89
104
116
132
182
172
82
43
75
112
122
106
73
59
69
88
102
109
118
117
106
92
83
70
54
67
84
67
55
60
57
54
51
49
56
69
69
71
120
138
57
0
1
25
54
58
48
49
66
71
68
81
100
101
88
82
85
74
55
41
39
51
70
84
72
50
37
42
56
68
64
59
88
167
149
42
-11
1
24
39
43
25
6
-8
-4
18
37
53
65
58
39
21
21
25
38
58
73
86
75
44
33
39
35
7
-8
44
114
64
-2
6
53
71
51
23
9
8
7
20
33
34
33
35
34
33
35
27
21
26
49
83
88
52
17
6
12
21
12
36
86
35
-41
-41
1
37
50
40
26
16
13
20
34
45
54
54
55
60
56
37
25
42
42
11
0
17
86
146
81
11
6
22
24
9
-4
-13
-6
-1
-9
-14
