-52
10
55
17
42
-21
19
56
57
24
20
53
73
58
38
32
38
55
60
54
104
114
33
-26
-19
10
72
119
85
-17
-52
10
55
17
-34
19
56
57
24
20
53
73
58
38
32
38
55
60
54
104
114
33
-26
-19
10
72
119
85
-17
-52
10
55
17
-34
105
86
96
144
106
49
28
40
70
103
105
75
42
35
53
101
154
153
104
39
34
52
50
27
16
16
20
3
0
40
90
97
70
52
57
66
59
43
50
56
71
70
71
50
25
38
71
54
11
6
50
86
80
49
33
51
72
73
44
48
72
73
57
54
25
40
65
75
73
68
81
106
108
98
81
96
133
151
116
86
105
154
173
115
64
85
108
104
102
89
96
123
144
121
71
40
60
91
98
76
81
101
119
118
100
69
80
113
121
84
60
74
92
91
80
66
67
113
118
70
39
54
83
80
51
26
27
38
45
41
16
18
52
75
59
24
-6
-3
44
86
53
-3
5
60
86
58
20
8
5
16
9
-1
18
43
64
42
0
-5
16
29
27
27
27
35
56
65
35
-9
-1
41
68
56
41
50
86
75
20
-6
36
84
98
53
10
39
87
50
-13
-37
10
70
97
74
68
82
96
70
52
53
59
70
73
64
26
25
60
84
71
41
11
26
56
57
17
2
37
83
101
69
7
19
72
99
74
40
54
88
69
16
-5
21
56
86
57
7
17
72
98
67
25
23
51
76
72
42
43
86
141
164
123
55
21
53
88
53
23
38
70
64
35
22
37
58
72
32
21
72
118
106
57
3
-2
61
138
136
68
51
99
131
117
73
34
36
58
65
32
21
64
147
133
16
-50
-6
56
80
42
12
43
96
96
54
22
34
51
69
49
9
10
33
42
36
19
9
1
11
26
25
21
16
28
26
19
33
82
103
92
59
32
28
65
75
65
68
81
76
48
18
21
65
91
81
65
28
21
44
68
53
24
27
72
98
97
75
61
72
89
117
108
89
107
146
116
28
-21
9
51
67
44
67
104
125
136
121
128
164
137
84
43
28
26
35
48
21
-37
-34
10
42
35
4
23
84
101
70
57
85
90
80
69
37
32
45
59
43
22
26
38
57
83
89
90
98
101
76
24
1
17
49
88
92
72
103
147
149
92
32
56
135
185
146
61
41
41
90
130
86
72
70
43
16
-29
-42
-8
32
9
-35
-58
-27
25
85
99
36
-8
7
42
50
18
-17
1
37
35
9
5
28
65
71
26
-27
-29
6
19
-7
-7
53
77
40
18
-7
4
41
68
17
-41
-30
16
24
-28
-81
-38
42
65
6
-38
-11
50
67
42
12
10
43
72
60
34
53
99
132
114
69
52
81
112
129
92
74
122
141
104
69
64
106
146
162
133
70
61
102
130
97
21
8
57
116
119
91
92
137
165
128
70
53
74
92
69
23
33
96
137
123
97
61
40
55
76
59
51
73
103
97
69
38
56
105
124
82
35
41
80
98
100
73
40
33
58
71
68
74
89
74
44
20
35
76
97
87
69
89
121
123
98
72
58
71
81
44
-17
-2
53
87
69
21
17
71
116
115
72
38
56
82
38
-22
-25
36
97
77
16
-20
9
72
87
35
-29
-38
-4
23
37
40
36
70
130
118
40
-4
20
35
38
23
22
55
72
49
28
11
22
58
98
71
16
5
50
73
41
-8
-25
-2
28
16
-17
2
48
70
64
11
-28
-8
44
73
35
19
38
39
6
-11
-28
-11
24
37
3
-37
-33
27
65
10
-54
-35
26
57
42
16
20
59
88
60
24
-4
-1
19
25
17
37
77
97
73
36
16
43
71
80
57
60
121
144
66
24
42
68
82
76
43
24
49
91
87
58
44
54
85
113
102
72
74
117
149
106
52
52
86
105
112
76
67
96
119
103
80
61
64
81
93
61
38
66
120
122
87
42
20
49
88
57
23
37
42
52
65
40
22
34
82
112
93
87
104
102
68
40
26
55
74
41
2
22
73
106
98
65
34
36
53
82
89
66
80
114
103
71
50
58
88
100
74
36
23
68
119
103
44
11
43
101
91
56
50
88
145
112
57
58
115
152
144
92
72
98
129
133
112
84
103
136
151
137
118
112
123
115
93
60
51
72
104
75
16
48
129
163
129
59
34
73
133
162
145
134
121
85
57
55
55
68
73
77
66
53
68
101
108
85
52
54
74
75
49
33
52
97
145
118
43
28
64
81
68
38
41
82
123
101
28
-17
11
74
107
91
104
76
35
26
57
86
98
88
55
1
-29
4
69
58
10
-6
11
36
57
48
12
11
54
90
82
40
9
12
29
37
12
7
40
67
58
38
35
58
64
27
2
0
35
76
72
39
-5
-8
25
50
39
48
80
82
27
2
18
49
69
61
38
25
70
113
104
87
87
67
52
58
49
44
53
69
65
29
5
0
26
65
82
58
43
44
81
101
74
32
23
41
66
68
53
65
101
104
74
39
58
102
104
65
35
69
104
101
71
33
-11
-3
51
82
51
17
35
114
109
68
40
57
115
132
57
2
17
68
89
83
44
10
12
51
61
40
42
51
51
24
-18
-9
36
53
32
-10
-13
26
57
49
12
-3
37
65
39
6
24
83
104
52
2
-9
22
49
58
39
5
18
66
71
44
22
19
48
83
83
28
11
38
61
52
34
11
20
43
56
23
1
53
87
43
-5
-14
7
20
21
-5
1
42
64
33
-12
-23
19
55
58
21
-9
4
57
93
93
36
-5
32
83
93
44
10
40
75
64
28
16
32
52
74
74
60
53
71
77
58
12
-7
19
61
85
84
60
54
22
-13
-1
38
43
22
-1
-6
10
54
86
67
6
-4
35
51
37
6
16
57
84
54
-7
-41
-18
-25
-52
-102
-107
-45
5
-4
-39
-71
-67
-34
1
-11
-54
-41
22
53
24
-20
-21
11
39
25
1
18
34
28
23
3
-9
17
65
81
12
-22
5
53
56
40
26
37
48
57
41
20
40
88
101
71
27
19
49
87
92
76
82
107
120
103
75
66
105
144
134
113
118
135
137
100
57
64
90
85
81
80
89
113
137
125
93
57
66
104
124
98
77
57
87
112
91
50
41
90
152
135
80
80
108
134
128
84
53
68
91
105
85
80
99
121
108
70
65
103
103
112
114
89
92
123
133
97
36
41
92
129
104
58
65
113
132
99
59
64
87
105
81
36
42
90
138
101
4
-27
33
98
117
75
40
68
128
147
133
106
92
87
86
66
57
85
105
82
48
26
35
60
87
97
68
43
71
96
85
49
52
83
90
68
22
17
58
86
68
41
18
1
42
87
64
42
64
83
55
18
20
56
83
73
34
23
74
128
149
87
20
12
50
76
56
8
0
44
89
64
23
25
52
74
85
50
10
29
76
81
53
42
42
26
43
68
70
89
129
120
92
71
72
100
128
149
149
107
88
83
64
68
81
70
50
36
36
51
70
81
64
45
42
57
74
81
45
39
73
103
76
36
42
80
97
99
66
70
128
176
123
25
-9
21
70
100
84
25
25
76
89
49
9
17
41
53
60
58
27
-2
21
56
58
38
51
76
98
77
57
75
105
101
75
43
39
56
60
33
34
72
98
86
68
59
67
74
81
98
82
61
89
125
99
40
4
17
65
93
74
61
75
71
51
41
54
91
116
112
66
48
80
113
85
43
20
40
86
104
49
6
21
67
112
91
25
19
54
73
38
-3
35
93
118
106
70
56
74
82
76
53
40
55
84
97
86
80
112
155
179
171
154
139
144
108
48
49
91
97
66
21
18
69
114
130
129
92
83
121
148
135
101
104
124
123
88
50
49
80
106
128
91
66
88
113
100
93
100
83
50
54
54
65
97
118
85
42
17
21
42
56
57
43
50
70
72
60
54
29
41
67
36
6
20
49
65
56
42
1
-26
-13
20
9
4
28
33
6
-19
-36
-19
7
25
20
4
40
75
56
7
-28
-17
32
57
69
52
27
41
60
51
28
8
20
49
56
43
53
64
70
58
39
12
34
102
113
35
-18
12
67
69
36
1
10
52
70
27
-17
-2
41
69
60
25
17
55
99
99
51
41
90
139
123
73
44
42
55
73
48
39
73
108
108
70
20
23
50
60
42
21
40
96
122
90
57
53
71
108
117
112
125
122
106
86
66
64
86
99
92
59
50
75
101
88
64
50
70
91
117
139
124
104
103
83
59
67
108
120
83
60
61
80
118
149
146
114
88
91
114
130
118
116
136
144
114
74
48
64
112
138
103
90
120
160
141
81
53
81
121
150
108
66
91
152
152
108
68
69
99
119
104
69
68
91
100
73
29
27
71
93
82
57
55
72
100
91
54
20
20
37
60
55
41
53
96
92
54
20
23
39
29
-18
-56
-45
-26
-39
-72
-102
-102
-70
-45
-49
-69
-56
-13
1
-23
-50
-43
-11
8
23
17
-10
5
36
34
28
12
2
4
26
42
53
81
113
112
76
28
22
44
74
66
42
43
82
112
86
40
34
71
108
88
28
23
65
91
72
37
26
56
74
75
60
64
96
115
87
38
16
49
74
70
43
35
51
80
71
38
12
9
32
60
68
56
64
102
133
92
25
18
61
107
112
71
57
92
115
85
43
18
34
74
100
83
65
85
121
128
104
75
91
130
136
93
59
71
112
130
113
86
68
82
96
80
50
59
98
120
109
73
38
52
90
115
91
88
128
140
115
85
73
73
84
92
68
51
74
97
89
57
12
9
35
53
50
34
41
66
77
68
51
73
113
117
72
13
25
83
116
77
26
20
69
102
87
50
49
88
104
77
29
-3
16
43
58
49
44
52
81
80
42
20
28
50
39
11
-3
17
74
97
55
9
-19
-22
18
55
41
33
42
58
56
42
25
33
58
64
24
9
38
74
69
18
-9
4
34
64
54
10
3
51
84
75
48
38
43
51
49
34
32
54
89
80
51
42
55
67
42
-8
4
64
88
52
9
6
32
64
77
50
21
41
82
81
66
42
33
22
24
29
38
65
89
68
-5
-38
-1
68
103
84
56
43
49
48
35
-1
-38
-18
19
42
35
20
19
57
82
81
28
-14
16
71
83
45
0
5
23
9
-12
8
33
10
-17
-42
-34
24
74
51
2
-12
9
51
44
-4
-12
2
9
18
4
-28
-21
22
72
68
55
74
80
55
50
59
67
86
96
50
17
50
90
112
84
34
42
109
136
99
49
44
87
107
72
17
37
65
56
60
56
66
89
120
97
61
49
49
66
84
74
36
50
67
48
39
19
9
37
87
92
61
68
109
154
153
85
59
80
116
130
73
66
93
77
39
36
75
112
103
101
102
97
100
132
122
68
35
48
104
154
90
12
19
84
101
67
19
0
29
69
74
59
65
105
121
80
37
16
10
21
56
82
93
64
48
56
73
71
52
32
38
12
10
41
71
57
26
2
23
58
71
37
8
21
56
65
41
13
28
43
32
11
10
33
92
128
60
-6
-25
9
54
70
1
-61
-59
-24
-18
-37
-55
-40
-2
19
-28
-73
-40
11
-2
-36
-39
-34
-21
-7
-1
-6
-3
22
36
19
-21
-46
-24
6
22
2
-8
23
50
33
5
-17
7
66
71
21
-6
3
41
57
43
13
23
66
101
81
41
36
58
92
87
34
18
48
74
52
20
34
82
103
91
64
18
44
115
132
96
88
118
132
114
65
24
24
42
73
66
29
28
59
77
67
21
11
50
77
54
18
33
76
82
64
43
24
34
59
67
41
19
25
24
22
2
-12
10
38
25
-10
-6
18
42
48
9
-22
-26
-7
19
16
2
21
66
44
-21
-66
-38
20
55
17
-34
-22
25
52
20
-21
-27
1
44
37
-24
-51
-10
26
21
-2
-22
-13
12
34
12
-8
5
25
33
34
19
6
12
44
37
10
19
52
66
37
-4
7
60
96
65
20
26
61
85
66
26
5
25
54
54
5
-7
39
85
70
27
4
23
60
89
70
41
43
100
101
56
7
1
26
42
33
18
23
56
66
33
-4
-13
22
58
57
29
