148
19
-57
-17
82
146
81
-34
-29
100
153
55
-40
-29
59
146
103
-14
-76
6
82
33
-34
87
146
72
86
170
148
19
-57
-17
82
146
81
-34
-29
100
153
55
-40
-29
59
146
103
-14
-76
6
82
33
-34
153
173
34
-62
22
160
197
89
-49
-39
117
193
85
-44
-71
-2
72
64
-17
-66
11
116
56
-52
-43
58
145
122
28
-27
22
117
109
35
27
107
160
113
9
-44
24
144
134
24
-50
-61
-1
107
128
37
-11
65
145
99
11
1
57
99
71
8
-1
82
152
116
24
13
56
108
109
29
-42
16
149
138
25
-8
42
105
129
65
13
81
214
218
96
13
34
123
197
182
80
-3
32
84
36
-21
20
107
150
92
5
-6
88
181
149
55
37
108
144
89
9
-13
44
121
83
-4
-25
27
86
92
28
-28
9
114
120
38
-11
8
72
121
83
-1
-3
102
170
107
40
91
187
188
71
-25
-27
65
145
99
16
-17
-11
60
130
85
12
40
130
105
4
-50
-2
93
153
116
59
85
155
121
12
-29
26
99
128
64
-28
-35
70
138
90
38
56
80
84
20
-68
-83
17
113
89
18
-4
27
57
53
9
-45
-25
71
83
-13
-68
-22
59
85
28
-25
2
99
104
9
-41
28
132
155
76
-19
-14
115
202
106
-39
-57
8
48
8
-72
-98
1
101
56
-46
-57
1
64
86
26
-56
-30
86
140
75
-11
4
82
101
39
-34
-30
64
115
70
-11
-49
4
89
92
18
-20
44
112
65
-17
-7
69
117
66
-25
-36
75
153
75
-18
-9
69
144
106
7
-35
50
148
98
-24
-51
44
135
148
81
-6
-25
45
93
55
-9
-9
33
77
71
-12
-54
52
150
75
-35
-18
64
104
66
-29
-57
42
136
97
20
20
83
147
132
49
-3
32
112
92
-2
-43
-13
33
69
34
-12
38
164
203
117
23
1
24
57
39
-26
-41
34
76
5
-44
10
118
186
135
18
-41
16
96
66
6
19
68
101
91
59
50
113
184
123
12
-12
40
98
105
55
20
34
104
96
-2
-59
-20
42
68
-3
-76
-26
112
163
70
8
61
144
148
59
-42
-75
18
135
122
16
-8
96
192
150
25
-25
55
155
107
-4
-17
55
101
93
8
-50
4
104
101
11
-24
41
101
123
81
3
0
104
171
90
2
21
102
144
101
16
-24
43
155
185
104
10
-6
67
138
93
-11
3
101
71
-54
-106
-21
76
99
50
1
34
138
167
74
-19
5
85
106
39
-42
-52
55
133
74
0
39
130
179
114
24
19
75
116
51
-30
-10
87
149
91
-24
-82
-5
118
117
-5
-100
-54
44
86
18
-60
-10
129
183
76
-25
22
135
179
106
-2
-9
113
166
89
36
86
165
194
117
-9
-36
75
162
100
-5
-23
59
137
116
19
-18
81
172
114
5
-53
3
107
128
70
25
67
165
166
64
-10
33
102
119
64
-7
-1
103
152
61
-21
22
101
135
87
2
-6
99
156
57
-53
-24
90
134
89
3
-50
51
185
141
16
-30
25
86
58
-37
-103
-44
75
92
4
-50
4
99
129
52
-26
-34
61
120
49
-18
27
139
195
115
9
-21
50
139
80
-60
-116
-56
48
88
16
-40
50
185
166
35
-50
-6
87
135
65
-27
6
129
150
52
-5
40
101
123
64
-26
-20
85
121
11
-52
25
114
122
74
2
-46
51
189
167
33
-40
0
82
85
-13
-54
28
151
161
51
-23
19
93
103
1
-78
-10
90
69
-12
-38
17
69
98
87
32
1
53
100
36
-24
34
154
229
196
82
10
67
104
21
-76
-88
-29
35
35
-36
-77
1
152
179
68
-36
-24
22
58
51
-7
-18
83
117
56
22
65
113
108
36
-28
8
128
168
69
-37
-20
72
151
124
40
21
98
160
96
-4
-27
53
160
160
26
-55
28
134
90
-17
-35
36
89
80
37
-6
27
137
138
29
-25
52
166
195
68
-62
-50
103
167
65
-33
-24
42
88
53
4
24
121
189
120
-6
-22
73
155
114
-23
-87
-4
118
107
17
-26
9
91
102
23
-39
3
123
172
98
17
11
54
58
-3
-56
-55
23
85
38
-43
-19
57
109
76
-7
-18
72
154
97
-38
-90
-3
101
104
10
-69
-13
114
120
36
25
114
160
115
36
3
75
217
208
36
-69
-9
104
135
24
-76
-17
87
68
-33
-86
-45
48
107
68
-22
-34
87
181
104
7
1
34
72
77
23
-6
55
136
103
19
11
87
135
57
-34
-58
9
152
167
44
-54
-50
12
101
113
26
-19
52
91
19
-52
-43
33
125
141
48
-53
-22
72
80
33
34
100
141
100
4
-39
28
118
113
28
-6
51
117
123
67
7
29
113
119
35
-24
0
86
156
106
3
-2
108
173
117
43
42
97
140
107
18
2
106
214
184
64
39
138
233
184
36
-35
61
195
157
19
-40
33
149
192
118
8
1
114
156
70
-2
17
67
100
66
3
0
88
130
52
-25
-40
8
56
27
-42
-50
67
154
108
-7
-71
-2
96
98
27
-12
45
128
69
-46
-70
8
83
89
28
-54
-39
97
151
74
21
4
48
91
41
-30
-5
102
136
56
-14
6
75
108
60
-14
-6
106
168
103
19
16
91
128
69
-12
-42
38
161
151
41
-18
7
48
67
34
-22
-4
85
103
21
-41
7
115
170
99
-5
-43
49
152
101
-17
-39
33
128
135
49
5
96
139
25
-88
-65
33
102
88
7
-43
28
148
136
35
-5
55
133
138
54
-17
20
147
185
87
-3
17
91
120
64
-3
16
102
137
71
18
22
67
98
48
-20
-5
86
151
77
-17
-9
76
140
123
35
-38
7
118
122
51
19
3
-1
12
7
-5
35
103
81
-19
-97
-59
26
83
12
-82
-66
53
122
66
-8
-7
59
128
83
-17
-37
68
152
88
-20
-29
42
124
123
44
-1
52
135
92
-7
-44
11
104
147
73
-37
-20
106
138
54
-2
10
80
133
82
-8
-10
97
138
43
-21
38
161
217
160
48
-4
67
169
155
43
-25
26
109
97
11
-33
49
186
189
57
-40
-50
3
58
28
-27
7
116
130
45
-8
16
67
100
50
-21
-10
85
122
58
-11
-6
58
104
69
-9
-29
42
98
39
-35
-27
60
116
89
16
-46
-19
65
64
-19
-57
-8
66
112
61
-22
-8
99
117
27
-25
28
106
120
49
-40
-26
114
197
108
-20
-49
17
108
119
43
6
101
184
112
-9
-25
84
192
186
75
-17
8
105
113
48
-3
0
57
104
64
-18
-8
112
146
57
-22
19
115
154
88
-19
-39
69
134
65
-33
-29
57
136
119
39
1
60
118
70
-13
-37
35
106
91
-11
-74
16
141
129
21
-24
54
137
119
41
-21
18
122
119
-6
-94
-42
67
140
109
23
3
88
136
69
-26
-40
52
150
140
48
8
102
194
140
39
37
119
187
146
23
-35
42
185
197
74
-2
39
113
137
67
-3
34
151
154
22
-74
-25
70
129
80
-21
-41
59
125
67
1
34
120
199
145
7
-34
70
182
138
21
3
71
118
96
40
0
41
132
132
48
8
66
151
139
10
-83
-23
118
121
1
-83
-41
48
99
51
-29
-26
61
106
38
-49
-53
13
100
89
5
-22
40
101
37
-77
-74
34
122
129
44
-22
65
225
197
43
-28
34
121
148
97
3
7
130
146
52
-4
52
132
140
56
-39
-37
84
155
85
-7
21
120
173
115
-12
-52
67
181
140
22
-22
22
87
112
81
56
100
165
123
9
-42
26
132
167
99
8
51
198
213
82
-18
6
105
168
104
-4
-25
83
155
65
-22
0
74
123
85
1
-28
64
146
85
-36
-52
43
118
105
24
-30
28
140
131
24
-29
26
104
109
13
-61
-6
132
149
22
-88
-51
54
123
75
-19
-37
38
74
9
-44
-12
56
109
97
-1
-76
-9
113
100
16
-6
61
131
113
5
-66
16
155
122
-18
-61
12
70
68
3
-68
-37
75
101
-3
-66
-5
83
132
75
-23
-10
118
163
41
-84
-91
5
114
132
64
12
83
196
177
59
17
74
153
156
57
3
61
166
162
51
-20
0
69
105
53
11
92
233
197
26
-44
26
138
168
85
-24
-46
66
144
80
-25
-17
103
177
114
-12
-60
24
107
68
-60
-100
-8
88
91
12
-35
20
118
75
-75
-136
-78
20
98
61
-12
0
99
119
18
-51
-18
60
82
32
-23
-49
1
43
24
-4
21
90
122
82
0
-29
50
123
59
-43
-59
8
90
99
12
-51
36
180
154
2
-101
-50
76
155
61
-49
-7
147
186
72
7
35
88
131
96
19
-5
71
121
33
-60
-21
76
136
107
7
-34
73
194
153
50
12
61
122
119
27
-53
-13
83
59
-50
-100
-7
107
140
57
-36
-40
49
77
4
-55
-11
74
137
97
2
19
135
183
82
-24
-19
48
114
91
3
-14
106
218
137
-13
-44
55
176
166
26
-76
4
164
176
59
-20
11
99
156
82
-25
-19
98
130
56
-10
-35
9
85
75
-7
-44
32
98
66
5
10
85
150
119
20
-13
61
135
92
10
-9
85
194
170
45
-25
38
141
140
53
11
80
172
219
124
-10
0
136
185
88
9
22
73
101
52
-26
-19
106
205
153
20
-4
106
200
166
48
12
108
183
109
1
-18
58
135
122
33
-25
41
141
90
-19
-41
56
156
150
80
32
37
100
124
84
32
36
82
118
59
-45
-56
54
146
74
-37
-44
-2
52
53
-11
-41
33
123
101
27
26
69
96
91
10
-55
-8
113
137
32
-54
-14
96
137
45
-58
-40
85
136
57
-10
34
116
140
93
18
-29
24
83
35
-29
-44
35
147
148
69
36
83
124
43
-50
-26
85
128
51
-43
-81
-10
132
130
4
-23
56
133
128
8
-60
-14
81
91
11
-28
7
53
59
1
-71
-69
48
124
65
-14
6
109
185
117
-46
-105
29
169
104
-43
-77
22
128
146
70
-13
27
170
154
6
-83
-4
139
170
73
-6
24
133
145
43
-26
16
98
108
19
-92
-75
80
171
83
-34
-25
107
192
101
-33
-70
38
171
149
18
-43
28
132
124
23
-38
36
180
192
88
-18
-24
59
137
97
2
-9
89
149
53
-51
-11
86
121
74
-7
-39
36
101
52
-14
24
148
195
93
-26
-46
54
162
123
9
-27
70
182
183
81
-9
23
134
105
-21
-81
3
84
90
18
-51
4
162
220
106
-38
-14
105
161
96
-13
-29
70
128
36
-66
-43
54
112
74
10
-19
53
161
107
-9
-20
102
195
162
43
-18
42
170
154
28
-35
11
102
152
74
-26
-19
98
152
64
-26
-3
68
89
38
-27
-33
64
147
73
-27
-27
55
133
118
12
-56
23
170
144
18
-3
106
193
162
26
-74
-11
133
145
43
-12
36
113
128
52
-22
-13
84
123
50
-19
-13
67
132
73
4
-3
55
102
39
-43
-44
36
135
141
59
-17
39
156
138
45
34
74
86
43
-9
-27
35
132
128
25
-34
24
124
166
74
-28
7
105
118
22
-38
10
104
130
36
-58
-42
73
148
90
-9
-12
57
104
75
-10
-54
2
88
58
-18
-37
13
86
97
4
-52
52
185
161
18
-49
11
91
91
28
-24
5
156
195
82
-24
-33
61
130
80
-17
-13
101
139
59
-3
21
108
182
153
22
-60
8
105
60
-42
-41
84
215
211
45
-74
-4
161
201
87
-23
26
166
230
122
-11
-26
81
146
56
-45
-9
90
144
98
23
22
130
193
112
-11
-34
42
129
117
-2
-43
73
204
144
-3
-27
67
147
118
12
-42
17
140
144
34
-37
23
107
121
49
-26
-17
75
104
16
-26
42
130
151
74
-26
-36
99
181
74
-22
-3
74
136
97
-13
-71
-6
90
65
-22
-27
21
75
73
0
-56
-12
103
117
32
-17
32
108
146
77
4
20
115
170
72
-39
-4
128
172
57
-62
-58
53
130
66
-24
-28
26
90
100
40
-6
37
106
84
20
-37
18
118
123
36
-18
48
171
153
27
-30
33
117
137
43
-70
-51
104
137
2
-88
-39
91
187
145
24
-8
82
149
88
-22
-25
70
170
154
21
-51
39
192
171
32
-5
60
132
134
40
-41
8
105
107
22
-54
-40
37
82
37
-23
-29
51
86
19
-43
-24
42
85
49
-25
-20
93
149
57
-40
-22
57
107
80
-13
-73
-13
103
112
50
11
58
128
115
40
-34
-7
96
122
50
-3
67
147
172
92
2
7
69
113
26
-75
-56
49
109
42
-58
-58
60
139
59
-34
-34
35
108
100
36
-10
35
149
149
58
16
41
104
144
75
-18
17
150
155
21
-68
-12
122
161
51
-41
-18
88
145
56
-53
-10
108
185
