72
108
87
50
23
21
37
26
10
12
43
60
49
19
0
16
74
108
56
-25
-38
10
72
88
56
16
7
12
18
2
23
69
97
108
91
41
8
18
39
37
38
55
70
50
20
28
53
86
76
25
-12
5
66
100
64
-1
-17
40
101
99
73
56
56
72
60
25
3
34
67
52
27
22
33
86
121
104
68
48
70
77
54
10
0
57
107
73
32
25
42
54
51
25
21
48
67
50
19
2
25
68
80
40
26
57
82
77
49
42
85
117
92
28
5
34
82
112
68
11
-1
41
60
29
11
29
75
117
86
20
7
54
73
40
10
10
38
86
91
40
6
26
59
45
4
-13
22
75
88
54
16
25
102
128
85
23
-10
25
73
73
28
-7
42
116
118
55
27
72
112
83
54
58
59
26
10
26
49
68
99
117
117
86
66
69
54
13
-4
35
109
113
37
-24
-5
86
130
104
73
54
70
108
106
82
40
28
61
66
45
17
29
88
113
54
-9
0
55
75
38
0
19
80
102
57
0
2
55
71
21
-28
-17
34
81
87
32
-5
32
70
50
6
7
40
64
52
52
56
70
108
107
44
-20
-7
49
70
43
33
53
91
101
57
29
40
86
132
117
66
39
65
90
69
28
26
61
92
83
44
18
39
77
81
49
4
21
80
91
53
24
8
27
69
82
32
-4
3
33
25
2
7
55
112
89
7
-8
53
90
59
21
11
25
36
27
12
1
27
97
103
54
16
48
76
35
-4
-8
17
77
109
52
1
19
65
75
53
16
6
54
106
88
41
28
68
97
83
45
18
48
91
75
44
42
82
101
74
44
36
40
70
91
68
43
91
161
136
44
-11
26
90
108
70
21
20
68
90
68
43
45
70
114
123
74
56
90
117
73
-5
-38
-2
51
57
20
-24
2
82
99
45
-7
8
74
87
24
-17
8
56
85
56
17
13
44
71
65
54
51
53
85
99
65
6
21
76
93
41
10
37
69
80
64
44
59
91
102
71
36
19
40
52
27
-2
-2
39
66
37
1
5
56
90
65
10
1
49
106
120
98
51
27
40
50
36
32
67
116
100
44
27
76
124
90
-6
-43
-5
66
91
44
3
4
38
56
34
-4
-7
37
73
56
13
-11
0
66
122
117
71
55
90
88
42
8
2
28
58
43
21
24
42
56
44
22
12
43
58
38
37
37
36
68
101
91
60
44
33
3
-19
-7
45
91
68
9
-5
49
115
107
50
21
44
76
97
107
87
80
98
84
50
37
61
75
80
58
13
-9
24
68
53
5
-4
45
103
108
66
21
23
59
104
85
36
39
86
105
90
75
64
86
112
81
42
52
103
149
113
41
9
25
53
34
6
18
50
83
86
48
7
22
69
92
64
1
-51
-28
20
32
41
85
105
100
82
59
57
80
114
109
59
27
60
88
72
35
20
44
90
97
57
22
26
55
55
25
28
77
117
103
50
-2
18
86
101
67
41
49
74
113
97
18
-18
23
65
72
44
11
55
106
92
48
34
55
80
69
29
4
20
57
66
41
42
73
82
44
19
19
16
41
81
68
32
24
43
50
34
12
32
90
129
99
48
26
67
115
97
57
58
91
121
103
43
-5
18
69
70
50
38
51
97
122
82
26
32
83
112
77
36
38
58
72
85
76
61
52
41
12
-1
10
51
86
71
48
27
26
53
48
11
5
45
100
122
99
68
72
107
116
84
51
41
51
42
-1
-23
9
68
55
5
-40
-55
-4
61
64
34
9
17
41
27
-5
-7
32
68
61
45
64
117
155
104
12
-34
-8
50
76
39
-14
-26
7
38
51
42
40
72
128
123
66
5
13
55
52
5
-13
11
57
72
42
11
37
91
106
88
55
48
69
76
43
-5
-17
35
75
55
57
67
67
82
64
37
40
69
73
33
4
20
70
113
109
76
67
74
102
69
-6
-27
11
80
113
92
60
43
55
70
48
23
38
69
83
56
50
64
88
76
52
24
28
73
138
130
37
-26
5
76
85
25
-6
26
90
117
64
9
16
65
112
75
21
32
93
140
124
80
45
54
57
17
-2
8
45
108
105
29
-3
45
92
89
65
49
38
51
71
54
25
33
57
51
25
10
35
68
72
41
17
9
45
52
12
4
38
97
120
96
67
77
103
83
33
2
16
70
98
54
-17
-20
54
107
86
35
-8
6
70
93
70
43
39
41
37
18
8
11
26
57
57
21
25
97
138
99
37
-6
6
76
114
74
16
6
48
69
49
23
41
96
128
74
1
4
60
73
52
40
37
65
125
150
80
7
0
23
35
23
19
25
40
44
24
33
81
108
80
27
21
65
105
105
56
11
40
96
96
56
21
19
41
69
67
44
26
40
69
70
61
75
98
116
114
75
59
87
80
18
-25
-23
24
77
99
61
11
18
65
80
60
37
65
138
169
101
2
-18
26
57
59
28
20
81
128
89
16
8
71
103
58
6
-4
24
66
122
138
90
49
70
91
69
32
42
86
87
39
5
27
86
97
54
42
41
42
57
52
42
64
105
100
58
5
-10
22
65
68
28
3
27
75
93
83
72
81
100
105
56
4
18
53
53
17
-34
-25
9
39
55
44
36
54
84
69
39
56
102
123
80
-7
-56
-18
44
38
-14
-33
16
90
151
136
66
39
70
76
43
24
59
105
104
44
-3
3
57
91
56
10
6
58
108
86
28
29
103
123
70
4
-3
49
113
146
121
81
88
102
74
8
-38
2
64
74
48
11
17
76
108
82
40
13
40
73
42
-2
-6
38
71
37
-5
-10
13
39
29
8
10
48
76
69
34
11
20
55
72
58
38
41
60
51
16
3
55
146
179
104
5
-12
42
81
60
41
52
71
61
43
50
48
42
44
26
19
28
51
65
48
27
25
57
92
89
54
22
12
61
104
59
-7
5
83
115
88
36
16
38
53
38
35
70
116
98
56
35
41
65
84
53
4
-2
21
44
43
12
8
48
97
104
42
-4
20
73
73
19
-23
-17
34
70
51
34
50
76
114
100
43
27
69
98
72
36
22
48
86
74
28
4
24
66
87
80
40
33
75
112
97
35
6
40
91
81
26
12
52
84
80
40
9
38
86
74
22
-11
19
69
58
1
4
61
112
118
85
42
22
33
24
25
27
40
84
122
108
44
12
34
43
34
1
-5
34
60
40
5
8
59
91
91
42
4
32
73
70
44
42
80
92
44
-12
-10
28
82
116
71
19
27
72
82
40
-10
-17
27
45
32
22
25
65
89
74
24
0
44
116
114
52
20
36
56
53
27
4
21
66
76
54
33
48
67
57
36
36
85
140
135
66
22
29
74
93
72
26
22
104
197
172
86
27
33
72
74
37
9
35
70
71
56
26
17
49
80
59
40
54
86
91
44
25
72
107
77
18
-19
5
80
145
119
44
6
32
50
18
-17
4
92
134
88
33
21
49
81
66
16
-14
21
71
99
86
77
107
145
117
50
-1
6
72
107
65
-6
-29
12
56
55
18
12
85
149
146
84
37
52
97
80
52
38
50
92
115
90
44
20
39
49
21
19
53
68
72
77
80
88
93
86
60
32
34
83
128
91
54
70
112
135
77
-8
-50
-5
77
87
24
-24
-10
59
107
70
18
13
52
82
70
39
37
65
85
74
45
43
81
119
91
37
12
41
87
88
43
22
60
97
67
13
2
45
96
100
60
20
17
49
75
56
25
40
109
133
61
-10
-12
25
75
87
60
4
-10
18
26
5
17
72
117
96
44
22
58
76
58
39
21
41
76
60
20
8
9
32
42
13
1
58
144
152
70
2
24
112
151
96
17
-10
18
64
60
24
25
76
103
59
16
18
39
61
55
12
-12
-3
52
85
41
-8
-10
35
76
69
45
38
68
96
71
28
37
80
112
86
40
19
42
70
54
8
-17
29
84
74
-24
-76
-7
68
83
54
26
28
70
116
93
42
42
75
66
1
-59
-56
-6
23
3
-19
-6
58
121
108
53
20
42
92
116
89
54
40
39
34
28
39
68
96
97
66
36
41
75
84
71
35
18
33
58
64
64
86
123
137
118
56
7
54
119
92
18
-3
40
75
58
0
-23
26
100
112
55
1
8
65
74
36
6
26
100
116
52
2
6
53
70
34
-4
1
48
102
96
40
8
45
88
76
23
-17
5
56
69
37
12
39
85
97
72
50
61
88
85
55
37
35
64
70
33
4
33
86
103
66
24
22
53
70
36
-4
-4
33
74
87
58
13
9
56
96
86
53
23
32
60
54
16
16
43
45
16
-19
-5
58
108
71
16
-4
29
89
60
-20
-22
44
91
76
27
32
99
149
112
34
-6
0
37
59
41
3
-11
13
33
24
9
28
92
166
157
97
55
75
116
91
37
32
87
133
114
56
52
101
134
83
-17
-42
26
103
109
72
56
66
75
89
87
80
70
72
68
38
5
10
54
76
59
41
42
70
117
116
52
4
33
72
45
-3
-8
48
105
100
44
10
35
71
67
33
16
37
72
84
53
12
41
115
128
57
-22
-4
60
93
83
51
27
65
100
67
8
-5
39
97
96
39
-10
-5
55
87
60
32
40
72
67
20
-1
33
75
82
49
5
18
83
113
72
18
5
50
64
24
-7
-9
35
97
115
86
39
43
81
71
27
6
29
82
104
81
43
40
81
83
43
34
58
77
85
50
5
20
74
106
80
17
1
54
99
81
32
13
37
60
29
-10
-17
20
86
106
48
8
44
97
72
6
-21
13
75
100
72
34
16
36
41
11
-9
13
66
98
67
37
49
81
106
84
25
3
70
136
107
45
3
17
76
104
60
6
9
53
83
56
20
49
96
83
24
-11
16
82
133
112
64
57
103
114
68
32
19
39
88
100
68
24
24
60
59
22
7
27
65
70
25
-12
5
73
97
45
1
11
69
107
89
49
18
18
43
50
11
-8
16
41
27
-11
-11
49
96
69
28
17
44
88
81
32
8
18
41
52
42
44
75
101
100
61
19
18
60
87
42
-5
-2
39
68
58
50
57
93
120
87
59
55
56
107
124
81
53
68
101
88
26
-20
-13
36
58
28
2
6
50
81
51
9
40
118
149
119
73
52
70
93
73
28
27
74
106
93
52
10
16
59
92
76
38
34
68
90
69
26
10
50
80
65
18
11
49
75
53
8
-4
44
75
32
-7
1
44
72
49
5
3
41
88
83
28
2
42
100
98
44
12
34
80
81
59
41
60
98
123
106
40
-8
12
50
33
-7
-8
26
68
56
21
25
83
137
119
10
-49
8
73
68
26
11
27
51
26
-17
-24
24
93
120
81
28
26
57
70
42
20
32
80
129
128
76
56
87
106
51
-12
-26
-2
67
123
74
-5
7
75
91
41
0
32
125
189
136
65
85
164
184
122
48
21
61
112
80
-2
-28
23
81
83
52
44
66
97
90
52
32
51
89
85
28
-1
27
83
108
67
18
21
50
41
16
11
38
81
98
71
34
13
39
56
34
9
27
68
88
80
57
43
72
109
108
80
56
67
67
45
33
12
42
122
137
71
17
22
69
89
66
34
22
48
68
43
-3
-8
36
87
98
82
66
61
83
74
35
26
76
121
119
69
28
37
50
48
40
44
71
90
80
44
28
55
97
87
64
43
42
64
85
80
66
72
105
115
80
28
10
34
64
64
27
9
50
89
67
28
26
58
105
120
84
40
32
55
55
34
20
39
81
96
66
41
59
104
107
44
-5
12
86
131
99
37
6
32
66
42
0
2
38
68
55
5
-27
-5
58
84
44
10
35
99
118
89
59
52
70
86
42
0
19
92
116
68
17
-8
24
70
37
-26
-33
22
76
98
69
39
55
83
57
5
-14
5
41
50
17
-2
32
56
44
18
4
12
54
84
45
-5
-13
37
87
67
12
-6
32
87
76
32
16
38
69
81
72
55
54
76
98
83
54
54
105
130
90
56
85
160
165
83
2
-10
36
60
26
-19
-19
28
77
85
58
49
90
155
163
102
50
51
96
119
85
41
