140
97
-5
-33
3
53
65
12
-39
-1
84
96
34
-18
-2
69
131
112
43
7
65
103
68
6
-6
35
97
05
36
17
82
140
97
-5
-33
3
53
65
12
-39
-1
84
96
34
-18
-2
69
131
112
43
7
65
103
68
6
-6
35
97
7
18
65
87
36
-23
-11
67
108
69
11
7
56
113
105
33
-6
75
149
91
-7
-43
-2
58
69
28
-5
17
84
92
64
42
69
91
80
18
-7
41
122
119
49
-7
-2
60
120
77
-8
-5
87
128
70
-26
-46
33
112
96
16
-38
17
100
88
35
17
35
90
123
80
7
13
81
81
17
-26
-8
27
70
68
28
36
101
102
34
-23
-13
37
104
98
32
25
99
120
57
-4
5
75
134
120
33
-22
32
112
100
27
-3
36
85
85
11
-51
-5
101
120
54
13
26
58
93
77
25
17
87
119
51
-11
11
64
96
44
-24
-29
56
123
74
3
-1
48
112
120
71
49
92
157
124
41
-7
-7
43
101
88
25
35
107
107
50
9
24
68
99
68
9
-4
50
71
26
-17
-13
45
122
124
69
49
93
132
105
45
23
49
98
123
66
-29
-37
64
112
68
42
56
73
82
48
5
39
120
121
41
-36
-34
39
106
85
26
9
84
121
57
-11
4
86
170
182
80
-12
17
99
96
22
-18
8
77
107
49
-20
2
89
114
55
3
-2
39
90
71
-2
-5
82
128
92
36
20
37
69
64
21
12
102
160
98
12
-13
11
71
74
11
-33
10
89
87
22
3
43
83
115
109
67
56
113
135
68
-10
2
89
144
83
-11
-37
42
108
80
32
34
50
58
34
-11
-8
65
116
75
4
-20
-2
48
76
51
3
22
84
74
10
-13
25
98
122
76
23
22
88
92
11
-34
7
66
114
89
21
2
70
120
67
-27
-49
8
74
80
17
-26
28
115
101
33
-9
1
50
82
54
-8
-4
68
72
13
-13
-2
35
75
66
29
43
130
160
66
-28
-17
57
122
96
16
-10
48
100
77
24
26
69
117
104
42
5
51
124
122
37
-4
43
132
151
85
28
43
87
67
7
-14
9
60
104
83
16
8
91
132
60
-18
-19
36
87
75
17
-21
27
91
82
28
21
48
91
90
34
-7
53
147
132
44
-5
-5
56
113
66
2
12
98
114
50
2
10
50
93
92
27
-5
56
117
89
21
-6
38
115
112
40
4
81
160
134
68
17
6
60
116
90
42
53
90
53
-21
-24
28
76
92
55
0
3
74
103
49
-13
-7
48
92
80
19
-7
74
155
112
9
-19
21
86
81
4
-37
41
135
113
25
-14
-2
43
86
42
-34
-19
60
77
25
-8
18
82
130
92
24
23
98
122
67
3
-4
19
73
73
7
-12
60
108
48
-34
-18
48
91
82
8
-27
26
101
108
68
37
33
65
92
66
25
59
134
120
38
-3
28
90
133
104
35
17
66
80
37
4
17
44
92
89
35
16
74
118
76
9
8
36
66
82
50
22
73
154
121
11
-24
32
119
148
69
-20
-3
86
106
39
-6
21
91
132
76
-3
-5
80
122
69
17
35
66
100
92
39
10
69
115
59
-24
-60
-23
54
80
23
-25
17
101
97
27
-5
19
73
106
74
19
20
80
88
48
7
-1
37
108
98
21
-5
85
163
102
0
-17
20
65
60
2
-38
23
105
81
11
4
34
67
65
26
0
28
89
72
18
-5
3
66
107
57
-12
-4
76
106
56
-1
-5
42
106
121
72
53
114
152
101
26
8
50
98
98
34
-28
0
72
70
27
4
28
80
86
36
-11
6
71
70
3
-34
6
56
86
54
-18
-24
58
114
75
18
10
37
86
83
32
10
55
97
71
2
-21
21
84
98
45
11
61
123
86
1
-19
39
121
145
69
-11
-14
50
80
42
-17
-26
20
77
45
-8
12
109
146
71
-10
-25
18
77
83
24
-9
66
172
186
103
40
49
91
101
32
-34
18
134
138
49
-6
0
43
101
96
36
13
56
75
48
8
19
86
151
121
23
-18
60
134
86
-12
-52
-3
85
103
51
5
54
109
83
16
-17
1
58
105
70
-7
0
80
90
28
-18
-12
38
80
49
-6
-4
70
107
57
-2
-12
23
55
35
-25
-52
22
107
83
8
-29
-6
83
140
103
34
34
75
69
5
-25
26
101
109
26
-43
-4
102
130
72
13
22
76
122
104
35
18
85
108
38
-27
-10
48
88
57
6
-8
53
125
97
23
-7
21
89
112
59
9
16
83
85
22
-13
24
90
104
39
-37
-18
82
113
50
-2
8
36
80
68
18
17
88
136
98
41
52
90
121
102
59
48
90
118
66
17
24
64
104
108
49
-4
37
129
139
71
26
54
84
84
25
-37
-28
45
74
25
-12
12
83
120
89
38
37
108
131
59
-12
-19
21
67
82
51
21
61
129
91
1
-23
22
106
166
122
45
52
128
131
68
19
16
54
93
67
-5
-13
88
129
69
26
43
71
99
90
66
54
104
145
88
3
-2
72
171
185
103
11
24
104
101
26
-11
3
55
92
57
0
-1
66
92
44
-13
-12
33
82
67
1
-10
70
117
84
21
13
58
107
98
35
-3
42
98
60
-11
-24
13
69
83
26
-22
36
121
98
26
-9
21
112
164
103
5
-3
73
97
41
4
5
53
129
117
37
5
65
92
39
17
50
77
103
92
41
10
55
133
135
64
-5
-7
50
87
48
-1
35
113
92
6
-34
-3
64
124
84
0
-19
60
119
76
21
32
57
105
104
50
28
76
114
99
23
-34
-10
64
81
29
-12
34
118
122
56
37
85
153
184
116
12
4
72
73
3
-30
20
103
141
75
-20
-24
64
119
75
9
2
34
84
96
54
35
82
105
50
-9
-12
24
75
87
34
1
50
108
87
28
3
28
80
89
25
-50
-33
67
102
37
-29
-8
57
104
67
-14
-26
66
121
52
-34
-41
19
104
112
55
26
86
134
72
-18
-35
10
71
71
10
-17
50
121
98
21
-25
-11
66
122
81
3
6
91
108
56
23
20
58
115
103
28
-17
38
83
51
20
11
26
88
109
43
-9
40
119
106
33
0
41
116
132
50
-25
1
100
120
64
10
0
22
81
81
22
7
74
119
70
4
6
87
156
118
16
-22
57
132
92
6
-19
16
74
97
51
12
59
134
128
38
-21
6
73
101
43
-22
3
96
112
43
-2
27
93
138
105
36
34
105
114
35
-25
-21
18
83
96
57
27
69
107
55
-7
-6
49
101
92
19
-25
33
125
119
35
-22
0
60
84
34
-19
18
123
138
61
-8
-22
21
89
92
37
18
92
139
87
19
34
102
171
169
75
-1
38
104
72
-4
-27
13
70
86
53
32
70
130
109
37
-5
4
52
99
82
26
9
68
100
54
-7
-18
18
77
76
22
-5
33
66
49
24
12
26
85
91
33
-2
41
113
102
22
-8
11
66
98
57
6
17
90
96
22
-8
16
69
131
107
18
-11
67
116
56
-20
-2
57
105
83
4
-13
74
156
109
21
16
65
113
108
56
27
65
112
81
22
25
75
107
98
38
-10
13
102
130
64
8
-5
21
86
102
53
28
71
87
50
21
43
77
102
73
19
4
64
121
102
40
32
103
170
165
80
2
41
134
118
8
-60
-22
84
123
51
-20
6
112
154
85
4
0
57
109
66
-2
-11
61
120
96
26
5
41
101
90
12
-28
41
148
136
25
-19
38
121
108
4
-58
-12
77
82
19
-3
13
54
92
54
-7
10
96
116
43
-39
-61
-4
92
112
50
17
55
84
36
-20
-18
25
73
80
40
-1
21
68
50
-8
-26
-1
41
81
50
-13
-1
98
138
58
-20
-26
33
103
99
45
38
91
112
56
6
32
88
139
154
92
19
64
137
109
50
35
66
96
69
16
0
67
145
130
52
18
54
117
136
70
4
29
124
138
66
-4
-1
61
119
99
35
11
81
137
96
2
-28
22
88
75
-4
-44
27
113
89
21
10
56
101
114
66
-5
-1
67
74
17
-29
-35
12
76
82
38
41
98
106
43
-9
-1
42
81
67
6
-19
83
184
144
29
-13
36
124
130
32
-37
8
105
90
-7
-44
3
74
89
22
-36
7
70
54
-2
-21
0
55
85
39
-28
-45
34
89
40
-26
-25
41
115
112
43
-2
43
104
85
17
-17
7
74
93
24
-36
-1
71
48
-35
-52
11
90
122
53
-24
4
105
132
57
-2
7
70
101
59
-1
3
97
147
90
28
40
100
166
152
68
16
70
136
97
3
-27
36
123
120
27
-36
2
96
113
40
-12
1
61
108
74
19
42
144
165
68
-21
-19
25
74
61
6
-21
28
72
37
5
36
56
67
68
24
-7
61
141
100
10
3
68
113
112
66
13
26
100
128
88
41
65
136
193
118
5
3
115
146
49
-42
-41
16
87
89
33
17
75
115
53
-28
-38
18
105
122
33
-42
9
133
121
23
8
56
116
131
48
-33
-10
89
135
96
27
12
71
140
114
38
32
100
122
73
34
51
123
187
168
87
37
85
128
71
-9
-25
26
98
103
27
-23
48
161
138
35
-27
-9
52
107
67
-23
-25
64
86
21
-34
-3
57
101
67
-11
-17
86
149
82
-6
-17
42
121
129
40
-20
42
131
108
28
-19
3
82
118
58
-11
16
121
123
33
-27
-10
64
114
58
-23
-28
61
100
39
-21
0
60
122
106
49
43
132
181
100
-2
-35
-5
68
87
12
-51
-14
52
44
-7
-22
6
71
99
23
-38
10
122
118
13
-55
-50
12
92
89
24
5
71
106
44
-20
-7
80
125
77
10
-14
40
97
73
43
59
119
167
146
43
-23
32
112
98
26
-13
2
60
91
55
23
74
177
179
81
2
11
100
166
132
59
44
113
148
85
16
25
55
76
68
34
22
74
117
88
29
16
60
123
123
26
-54
-12
84
84
16
-1
33
91
147
112
34
19
100
139
80
-12
-51
-9
73
88
28
-1
53
89
42
-19
-23
19
86
103
40
-8
37
114
98
28
5
32
82
92
35
-9
51
140
128
37
-40
-27
56
125
86
-26
-53
53
118
64
-6
-11
33
93
98
43
-1
34
68
49
17
8
50
101
96
33
-12
50
130
91
8
-27
8
101
154
89
-11
-26
53
93
41
0
27
70
105
90
23
4
80
152
134
33
-35
-18
60
87
23
-30
17
93
72
-5
-25
16
81
108
45
-9
42
124
104
17
-23
13
55
67
54
6
-9
51
102
69
28
29
55
73
42
-19
-21
72
104
43
-1
20
42
70
82
43
3
43
124
109
27
-19
5
73
119
56
-39
-14
89
81
21
26
86
119
123
84
24
19
103
135
51
-35
-22
42
107
98
28
11
91
168
151
43
-1
19
80
99
27
-5
75
160
125
41
4
38
101
133
82
13
35
99
104
66
44
49
86
138
124
64
37
97
106
23
-38
-26
19
77
73
11
-3
60
112
89
26
5
57
113
106
48
-4
35
92
80
-2
-44
-2
70
105
58
-5
12
104
138
85
16
8
71
133
91
16
6
103
154
83
-9
-23
23
91
102
51
28
83
124
83
16
2
44
112
117
53
3
54
129
106
22
-34
-21
34
89
73
28
33
93
107
54
10
27
75
117
76
-5
-24
54
115
85
28
18
49
98
93
37
-10
51
137
112
25
-5
41
121
151
90
23
57
161
180
109
60
60
90
129
107
36
8
68
90
36
-3
23
85
150
141
59
6
58
124
64
-35
-23
70
138
114
19
-46
2
113
121
33
-21
7
65
74
9
-70
-40
58
71
-6
-44
-10
50
91
33
-53
-56
39
102
45
-40
-59
-9
75
85
-1
-49
19
98
69
-39
-90
-44
56
82
6
-45
10
113
131
64
22
48
97
103
53
16
34
89
109
67
8
-3
56
128
92
10
-17
45
106
76
6
-19
21
93
97
10
-40
19
97
65
-25
-67
-28
44
77
8
-52
9
118
121
44
0
26
100
122
41
-33
-34
36
73
13
-23
22
105
168
119
8
-42
40
124
82
-8
-40
-6
73
98
26
-57
-19
74
76
6
-30
-19
23
65
45
4
33
99
75
3
-29
9
92
148
72
-25
-13
91
140
101
33
-8
7
87
117
67
49
108
135
50
-35
-42
1
67
69
0
-45
10
100
92
44
25
40
88
120
71
-23
-41
42
86
50
16
12
48
80
50
-12
-19
88
148
81
5
8
60
139
145
45
-30
