-854
-889
-876
-811
-742
-723
-727
-707
-653
-595
-567
-561
-552
-542
-521
-514
-525
-519
-486
-454
-469
-508
-513
-469
-404
-357
-356
-371
-376
-361
-342
-337
-329
-309
-269
-230
-225
-241
-241
-209
-171
-170
-183
-173
-138
-93
-82
-93
-94
-62
-24
-26
-59
-84
-73
-35
-14
-29
-55
-57
-38
-39
-68
-81
-61
-29
-12
-24
-29
-12
12
27
12
-22
-50
-46
-36
-57
-106
-139
-141
-133
-150
-170
-166
-134
-87
-68
-77
-86
-69
-37
-33
-55
-76
-75
-56
-54
-82
-100
-81
-38
-23
-49
-66
-49
-18
-1
-25
-62
-71
-42
-17
-24
-44
-45
-22
-3
-12
-34
-36
-11
20
12
-11
-18
4
26
20
-5
-11
10
40
42
24
22
52
98
128
120
107
120
152
168
160
151
168
199
218
210
194
202
240
265
257
237
248
277
300
292
265
267
312
358
358
342
353
392
437
443
416
387
381
395
389
360
344
363
395
401
372
343
340
347
340
298
265
274
309
329
310
276
263
281
292
266
233
225
245
269
269
245
229
235
256
246
202
163
146
144
129
75
20
9
35
39
8
-14
-11
11
32
16
-11
-24
-11
-18
-67
-103
-91
-53
-21
-23
-49
-60
-41
-14
-18
-36
-34
2
42
42
7
-20
-7
34
49
32
22
43
80
96
84
74
91
130
149
132
108
115
146
166
152
130
132
162
178
149
116
118
150
176
165
146
144
167
195
181
152
153
180
210
208
170
149
165
197
203
185
178
198
228
235
215
188
194
225
229
198
171
173
197
205
173
132
116
122
117
76
33
18
28
40
22
-11
-30
-21
-13
-43
-87
-101
-82
-52
-49
-77
-100
-84
-44
-40
-66
-73
-45
-7
-2
-30
-55
-52
-33
-36
-65
-85
-87
-72
-70
-104
-145
-152
-130
-113
-134
-162
-161
-131
-101
-101
-118
-115
-93
-73
-82
-97
-88
-56
-24
-28
-55
-67
-46
-8
2
-11
-20
4
39
45
20
3
17
49
56
34
17
16
35
50
34
12
19
50
64
34
1
6
44
76
64
24
2
20
50
48
24
12
28
54
41
8
-4
17
54
68
40
12
16
45
71
59
38
37
70
91
81
68
80
103
117
100
71
74
103
122
106
86
90
119
148
139
109
101
124
157
154
131
128
148
173
183
168
149
156
186
192
167
150
154
176
180
151
129
128
145
152
131
109
109
136
163
152
124
117
136
154
148
129
121
133
151
147
121
113
128
150
146
122
115
136
166
166
135
108
113
136
144
122
104
108
128
136
122
99
90
108
123
103
74
70
89
106
97
72
67
90
120
105
68
55
72
103
106
76
55
67
100
99
72
61
82
112
117
96
73
83
116
132
115
97
102
124
134
112
84
83
101
112
97
72
66
86
109
96
58
53
88
122
115
85
76
93
118
112
75
58
76
118
134
118
106
121
153
163
137
112
109
136
151
130
108
116
147
163
131
85
66
83
101
76
43
42
75
118
119
91
81
98
121
108
74
60
83
116
120
87
64
83
124
136
112
92
100
123
133
103
75
82
116
140
131
113
117
137
151
135
114
112
144
171
161
138
134
156
182
177
153
152
185
229
243
230
221
232
259
289
315
343
376
412
420
407
436
534
648
712
729
758
826
922
993
1016
1019
1029
1047
1051
1027
993
967
951
929
896
858
827
806
794
784
768
752
745
740
721
698
684
674
659
629
586
551
538
544
534
508
490
480
470
457
444
459
512
564
582
577
572
578
582
572
552
532
517
505
491
475
459
448
437
426
416
402
391
380
371
359
346
337
328
321
310
298
289
279
272
263
252
245
236
231
226
216
210
202
199
193
183
173
167
162
155
147
135
128
123
120
108
97
85
81
76
69
56
45
42
41
34
18
7
4
3
-5
-23
-40
-43
-29
-21
-22
-23
-17
-5
-1
-11
-26
-33
-29
-38
-60
-87
-94
-86
-81
-89
-106
-117
-114
-110
-124
-142
-134
-98
-61
-54
-60
-60
-49
-36
-43
-70
-91
-98
-92
-100
-124
-141
-136
-117
-116
-138
-164
-170
-166
-169
-196
-225
-228
-213
-205
-235
-274
-289
-278
-265
-279
-308
-317
-298
-280
-299
-338
-358
-350
-327
-322
-347
-370
-362
-338
-339
-364
-381
-370
-342
-340
-381
-417
-411
-386
-380
-408
-429
-426
-404
-380
-390
-411
-418
-396
-381
-394
-417
-420
-398
-375
-388
-422
-439
-411
-373
-379
-408
-413
-378
-332
-313
-326
-329
-307
-269
-264
-297
-313
-292
-245
-219
-241
-265
-258
-225
-215
-234
-245
-235
-209
-185
-197
-221
-225
-194
-162
-165
-182
-180
-151
-118
-117
-135
-137
-119
-92
-90
-104
-109
-98
-72
-77
-117
-133
-106
-68
-66
-100
-120
-101
-55
-36
-65
-98
-104
-84
-73
-98
-129
-136
-113
-86
-91
-108
-114
-91
-60
-60
-84
-92
-73
-41
-37
-54
-57
-40
-14
-23
-60
-88
-81
-44
-28
-51
-67
-51
-11
1
-23
-49
-43
-9
10
-8
-39
-39
-13
-7
-34
-56
-51
-17
9
-3
-27
-36
-18
-6
-39
-86
-102
-82
-45
-52
-91
-113
-97
-69
-75
-100
-105
-88
-49
-33
-51
-72
-73
-50
-41
-69
-88
-83
-51
-26
-41
-68
-68
-34
-9
-29
-60
-65
-35
-4
-12
-51
-62
-35
-1
-10
-41
-51
-28
-1
-2
-28
-49
-37
-5
1
-19
-28
-12
18
42
34
13
17
44
66
40
17
17
37
51
32
2
-8
4
20
-1
-39
-50
-27
-3
-5
-22
-22
4
38
37
4
-9
6
33
37
11
0
16
41
41
16
5
28
69
84
57
32
34
52
53
24
6
10
33
50
35
11
19
54
75
57
29
35
67
96
84
40
11
19
42
37
4
-6
22
57
56
26
11
33
66
70
39
22
40
71
74
41
10
12
45
68
58
43
51
82
104
99
76
72
100
121
101
70
65
85
114
105
68
40
50
76
64
16
-8
1
23
24
-11
-43
-37
-9
-7
-36
-60
-58
-33
-20
-50
-81
-74
-40
-27
-66
-103
-105
-74
-50
-62
-100
-115
-94
-75
-94
-131
-137
-118
-90
-88
-109
-124
-107
-84
-104
-147
-156
-135
-106
-103
-133
-155
-146
-106
-83
-98
-108
-90
-60
-58
-89
-109
-98
-59
-35
-52
-73
-76
-56
-35
-41
-59
-60
-34
-2
-17
-51
-54
-19
20
20
-7
-11
13
52
56
33
13
21
40
42
23
16
39
80
87
48
19
34
68
87
59
16
-7
4
17
-6
-39
-52
-34
-10
-19
-40
-38
-10
8
-3
-28
-39
-24
1
-2
-33
-49
-27
6
17
-6
-25
-19
4
16
-1
-8
16
66
91
67
38
36
41
36
10
-6
1
35
55
39
16
20
60
101
100
76
81
117
147
135
104
101
128
165
177
148
122
129
152
152
123
105
116
151
171
150
118
138
216
272
268
260
280
326
360
346
305
275
268
263
226
171
145
149
167
137
-171
-787
-1369
-1765
-2048
-2048
-2048
-2048
-2048
-2048
-2048
-2048
-2048
-2048
-2007
-1944
-1883
-1819
-1754
-1691
-1630
-1570
-1506
-1437
-1377
-1319
-1261
-1205
-1142
-1076
-1015
-957
-899
-838
-791
-762
-739
-711
-675
-635
-612
-598
-574
-536
-488
-450
-424
-403
-377
-348
-330
-325
-314
-292
-258
-234
-230
-222
-202
-174
-155
-150
-140
-110
-68
-33
-18
-3
23
57
85
102
132
212
332
439
480
482
504
573
672
744
762
758
765
752
675
593
554
552
561
534
467
416
416
457
489
482
483
518
570
601
577
533
518
537
554
545
532
537
563
579
560
530
529
541
551
522
482
470
486
505
488
445
435
472
518
531
521
525
551
593
612
593
572
593
631
643
610
570
552
562
572
541
497
481
496
512
498
473
460
469
490
492
472
460
480
506
499
473
467
484
507
507
475
441
441
474
487
468
449
448
466
483
489
492
514
548
552
523
503
503
520
522
485
443
433
454
474
468
474
513
545
554
535
507
502
533
577
572
533
507
523
565
592
579
571
586
602
580
538
570
642
643
576
487
433
421
451
524
652
795
916
1027
1149
1239
1289
1319
1337
1318
1233
1184
1253
1349
1416
1457
1476
1500
1524
1521
1465
1356
1226
1110
1040
1012
1008
1000
992
985
982
982
996
1016
1024
1005
971
935
914
903
887
859
828
804
779
752
713
677
647
626
603
578
550
533
519
505
483
456
435
423
416
397
372
348
333
325
310
289
267
258
257
247
220
199
192
193
188
172
154
149
150
140
118
100
89
83
73
52
26
12
17
19
-1
-34
-58
-66
-70
-97
-137
-173
-185
-172
-180
-217
-254
-270
-269
-277
-299
-327
-326
-297
-281
-299
-324
-326
-301
-283
-299
-337
-348
-340
-338
-338
-323
-292
-250
-209
-178
-153
-122
-84
-62
-104
-171
-211
-202
-182
-201
-263
-307
-297
-257
-236
-258
-274
-264
-233
-220
-251
-284
-276
-233
-211
-238
-268
-262
-236
-227
-257
-300
-323
-308
-297
-326
-355
-344
-307
-266
-259
-269
-266
-232
-167
-125
-126
-122
-89
-37
-5
-18
-43
-42
-9
13
6
-3
1
19
22
-9
-40
-38
-12
-13
-67
-108
-106
-69
-34
-39
-68
-81
-67
-51
-84
-152
-185
-147
-71
-36
-50
-57
-23
35
56
50
48
54
59
38
-3
-19
19
76
88
54
26
23
38
36
-3
-39
-52
-36
-22
-44
-67
-62
-34
-2
1
-18
-19
1
8
-28
-84
-113
-102
-75
-83
-123
-156
-149
-122
-125
-164
-189
-177
-132
-114
-142
-180
-180
-146
-131
-153
-174
-164
-124
-101
-117
-140
-137
-100
-72
-97
-134
-148
-129
-105
-116
-147
-157
-129
-91
-97
-120
-124
-105
-87
-93
-124
-137
-108
-61
-53
-74
-85
-67
-26
-1
-4
-8
8
50
69
51
39
53
82
93
66
28
24
53
82
70
42
38
59
90
91
60
45
67
90
82
65
67
89
119
114
74
50
57
85
85
57
36
38
66
77
43
9
9
37
49
29
12
24
53
65
35
4
2
20
29
19
5
9
41
75
71
37
24
54
89
87
54
34
50
84
86
51
20
24
53
57
34
18
32
66
84
58
24
20
48
60
36
8
7
32
50
33
-4
-22
-6
6
-11
-41
-52
-38
-11
-12
-41
-66
-62
-45
-54
-85
-98
-81
-50
-43
-70
-82
-58
-13
0
-36
-60
-51
-29
-27
-60
-87
-73
-25
8
4
-8
6
43
72
55
21
10
29
51
29
2
7
36
66
70
53
51
69
91
72
21
1
26
69
84
58
32
36
68
81
52
23
28
58
73
44
2
-8
21
41
25
5
9
36
60
54
27
22
55
99
99
67
49
55
68
61
38
22
33
56
54
20
0
11
40
43
18
-5
3
35
49
27
4
4
27
52
39
9
8
37
52
19
-12
-9
19
40
25
-17
-50
-50
-40
-69
-120
-150
-150
-129
-121
-141
-162
-151
-123
-119
-150
-179
-173
-148
-147
-181
-203
-195
-161
-139
-163
-195
-196
-163
-141
-173
-219
-237
-213
-169
-162
-185
-198
-183
-158
-158
-185
-205
-198
-172
-181
-217
-251
-264
-248
-258
-295
-305
-265
-214
-205
-243
-261
-234
-182
-150
-166
-186
-178
-153
-154
-185
-201
-182
-148
-125
-139
-163
-157
-131
-115
-145
-186
-196
-164
-118
-107
-123
-125
-105
-66
-41
-43
-50
-40
-21
-23
-65
-100
-88
-54
-60
-103
-122
-104
-65
-41
-58
-86
-85
-58
-51
-83
-113
-102
-57
-8
5
-8
-4
38
83
82
52
24
16
27
23
-6
-23
3
48
50
18
3
22
64
87
75
66
85
120
119
81
52
60
97
123
121
114
131
166
192
185
177
177
186
198
180
139
123
152
184
176
153
155
182
210
215
187
162
156
164
140
97
74
85
107
99
55
22
22
52
69
57
40
42
66
83
73
65
83
130
163
155
138
144
166
194
192
170
166
194
231
230
201
186
198
217
208
163
123
120
133
115
68
36
45
81
87
52
19
21
54
72
44
22
38
73
91
67
28
22
51
64
32
-11
-26
-12
2
-9
-34
-34
-4
25
20
-3
-5
16
49
56
28
7
26
76
103
97
88
103
131
136
105
81
93
134
150
123
89
74
97
128
116
71
54
90
132
131
107
106
130
154
150
128
118
144
168
161
132
118
135
168
180
161
148
152
164
155
129
112
122
154
171
148
118
124
162
179
151
121
125
153
161
121
76
68
101
140
147
129
121
140
176
186
169
160
177
208
213
195
185
194
212
211
176
137
131
151
150
118
88
88
113
131
109
81
82
115
134
116
97
103
140
178
166
131
118
135
151
132
98
85
104
137
140
114
96
99
112
85
32
-3
-1
19
25
3
-22
-18
19
36
16
-3
7
37
44
10
-24
-26
1
24
0
-42
-59
-38
-9
-22
-55
-61
-28
4
-3
-28
-27
-3
27
27
2
-1
24
57
51
10
-8
7
42
55
29
2
4
28
17
-44
-94
-103
-82
-65
-89
-129
-137
-114
-83
-84
-97
-90
-69
-53
-75
-114
-122
-100
-72
-73
-100
-115
-99
-61
-42
-39
-26
20
87
109
85
61
69
100
115
88
53
41
57
70
52
26
22
38
51
37
20
29
73
113
107
82
76
106
145
152
124
107
128
161
156
131
122
145
186
198
168
137
135
154
149
114
92
117
166
199
187
164
162
183
194
179
170
188
220
231
184
125
102
118
139
124
85
65
74
89
69
26
10
27
54
44
10
1
25
60
67
51
42
58
96
107
82
55
56
86
105
83
52
41
53
57
26
-10
-11
23
53
39
7
-7
8
35
23
-9
-20
-2
21
20
-3
-12
3
21
3
-40
-67
-65
-46
-43
-70
-86
-65
-7
28
20
1
12
64
106
105
85
90
129
152
137
121
130
156
183
171
132
114
140
178
177
150
139
157
194
208
195
181
186
216
225
198
183
198
227
236
216
197
211
250
263
231
211
225
252
262
237
210
201
228
256
240
202
185
201
232
235
215
202
214
227
211
178
161
169
193
186
152
132
147
181
193
162
133
137
166
171
139
106
101
115
116
76
38
32
51
67
50
24
24
65
106
113
97
91
112
138
134
108
103
129
152
135
99
83
93
109
90
44
17
27
60
57
19
-6
-2
19
37
22
0
3
29
43
23
0
3
25
39
11
-26
-50
-42
-25
-42
-82
-99
-82
-55
-59
-97
-116
-104
-83
-87
-116
-132
-124
-100
-98
-133
-164
-163
-135
-122
-148
-171
-168
-138
-117
-124
-139
-132
-98
-82
-102
-130
-131
-103
-77
-92
-135
-163
-153
-131
-137
-162
-158
-129
-87
-77
-101
-115
-89
-44
-33
-53
-61
-37
3
16
-10
-35
-22
19
38
16
-11
-12
6
29
22
2
8
50
85
67
29
20
48
85
89
66
55
74
98
80
40
27
49
85
100
82
71
90
122
117
82
59
70
98
118
108
100
115
138
140
112
87
92
128
149
121
60
20
18
19
-10
-51
-62
-43
-11
-17
-51
-66
-40
-4
-1
-24
-44
-38
-10
-3
-22
-34
-9
29
45
35
32
49
81
90
65
35
40
82
108
88
55
51
75
91
72
41
33
58
88
83
58
49
67
100
98
67
48
66
102
106
85
82
98
120
124
105
85
89
116
128
106
84
86
112
123
108
89
97
130
151
136
115
120
153
183
168
132
125
151
169
145
106
92
114
148
157
129
106
116
136
134
108
101
122
155
166
144
121
129
160
166
132
100
100
122
138
120
101
108
139
155
134
108
114
136
155
141
106
90
108
134
118
82
72
96
124
121
90
71
85
107
98
52
5
-46
-108
-194
-347
-551
-724
-850
-957
-1064
-1159
-1226
-1253
-1255
-1268
-1273
-1243
-1187
-1149
-1169
-1202
-1201
-1154
-1091
-1079
-1095
-1062
-980
-894
-855
-843
-813
-754
-674
-618
-602
-599
-578
-538
-535
-577
-610
-603
-561
-522
-509
-499
-466
-420
-390
-376
-306
-134
57
196
257
295
363
461
534
534
497
464
436
408
358
298
276
289
292
233
149
90
53
-17
-119
-206
-246
-233
-201
-209
-264
-305
-295
-247
-156
-42
56
115
161
194
198
200
227
267
290
237
155
137
202
268
275
260
277
322
358
358
341
361
419
465
460
427
421
449
484
487
456
433
433
437
421
380
354
360
406
453
465
443
412
344
247
145
70
33
7
-27
-90
-152
-173
-157
-140
-155
-184
-186
-162
-135
-142
-183
-211
-200
-172
-166
-203
-273
-337
-373
-398
-441
-484
-506
-493
-484
-500
-508
-493
-466
-440
-411
-385
-354
-307
-241
-177
-123
-74
-12
53
92
108
137
196
258
265
230
208
228
325
437
493
513
549
602
626
618
624
641
646
611
538
483
470
492
505
492
473
468
474
465
412
358
314
291
277
256
252
268
279
278
249
171
88
41
21
-13
-66
-100
-117
-145
-196
-242
-237
-194
-138
-132
-171
-214
-230
-225
-222
-257
-290
-284
-244
-197
-171
-164
-149
-118
-98
-98
-107
-102
-74
-53
-66
-92
-99
-76
-46
-54
-88
-100
-69
-25
-40
-106
-152
-147
-110
-108
-151
-190
-210
-219
-250
-299
-327
-316
-284
-262
-266
-270
-252
-209
-177
-179
-183
-166
-124
-83
-73
-78
-60
-13
23
24
10
22
64
109
118
99
98
135
180
185
167
170
201
252
275
248
228
252
310
345
342
338
368
413
451
455
442
439
459
482
469
453
468
502
524
514
491
487
499
506
486
460
458
480
502
487
442
419
436
469
467
437
423
434
450
438
404
386
395
422
416
375
354
361
387
401
377
346
342
374
396
370
333
322
336
362
362
340
333
354
369
344
309
299
320
347
353
326
300
304
323
320
292
272
289
324
339
312
284
289
314
314
272
229
227
250
275
259
224
205
220
243
229
199
198
227
257
248
224
211
217
225
201
179
185
208
221
212
178
160
176
204
204
172
148
154
189
210
187
161
166
228
330
391
402
410
448
482
483
460
451
460
454
403
343
321
340
368
364
343
329
342
355
323
267
240
251
281
283
252
225
225
241
232
197
172
177
194
196
172
148
137
145
149
128
98
86
91
96
68
19
-5
5
17
-8
-49
-67
-52
-28
-37
-69
-87
-74
-43
-40
-69
-90
-82
-49
-38
-59
-71
-58
-36
-42
-86
-118
-114
-77
-49
-52
-65
-60
-39
-28
-59
-91
-91
-68
-43
-52
-74
-76
-52
-27
-46
-82
-86
-57
-21
-21
-50
-65
-39
-2
1
-23
-35
-13
21
29
6
-11
1
38
43
17
1
11
43
66
49
17
8
34
52
26
-5
-1
27
48
32
6
6
40
76
70
33
11
27
55
55
24
8
27
67
73
50
37
51
72
73
49
27
34
70
90
76
69
76
102
113
87
54
55
88
113
97
71
67
84
104
89
58
58
97
137
132
87
67
81
107
107
87
76
97
128
123
88
69
82
108
123
100
72
75
107
120
101
85
98
130
148
130
102
98
129
156
144
112
105
131
157
146
106
86
105
137
132
100
83
90
107
108
83
66
81
109
113
82
60
76
118
138
117
89
87
113
129
107
82
77
98
116
103
71
68
90
112
91
57
52
80
113
112
91
82
92
115
102
67
52
69
102
112
84
57
61
89
98
74
56
59
75
74
43
23
35
65
80
58
40
52
86
114
109
86
82
107
133
124
104
106
133
156
145
108
99
116
136
123
88
69
74
93
99
72
55
74
117
132
106
83
83
116
147
153
154
178
221
251
235
209
208
227
248
234
195
177
195
225
214
179
165
180
200
186
147
130
151
187
188
163
148
160
183
192
163
134
153
209
229
199
179
196
241
288
300
307
331
384
419
407
403
440
496
529
520
501
499
519
554
564
553
553
577
614
640
628
620
647
689
704
693
691
704
717
705
651
602
597
615
614
580
544
528
546
557
533
500
497
517
533
519
489
475
487
500
488
460
439
433
429
402
356
322
300
290
266
229
197
184
187
173
136
105
96
99
98
71
43
36
33
8
-42
-92
-113
-106
-104
-141
-186
-201
-194
-194
-220
-258
-274
-258
-231
-231
-259
-274
-252
-212
-202
-228
-231
-204
-169
-162
-187
-218
-220
-185
-155
-150
-148
-139
-118
-94
-101
-119
-116
-75
-40
-55
-97
-113
-88
-53
-51
-73
-84
-86
-100
-150
-201
-196
-183
-231
-324
-377
-354
-279
-215
-216
-266
-299
-291
-253
-232
-244
-259
-252
-260
-296
-341
-346
-310
-237
-172
-161
-177
-174
-146
-117
-104
-98
-74
-40
-10
-7
-22
-26
-9
11
10
-3
2
51
121
180
230
295
388
483
533
551
571
598
618
602
551
507
501
521
515
467
379
234
84
-34
-148
-264
-363
-426
-471
-529
-568
-574
-553
-538
-570
-627
-647
-609
-564
-573
-602
-564
-440
-275
-151
-114
-139
-162
-148
-148
-178
-202
-213
-225
-259
-313
-350
-346
-308
-265
-246
-214
-186
-230
-339
-449
-507
-506
-483
-494
-566
-626
-614
-547
-476
-451
-443
-418
-376
-356
-344
-310
-258
-201
-137
-92
-75
-61
-28
11
10
-51
-120
-161
-154
-148
-186
-248
-277
-267
-266
-305
-339
-343
-315
-278
-266
-253
-203
-141
-114
-162
-246
-300
-317
-328
-362
-410
-433
-414
-387
-397
-428
-429
-391
-346
-345
-410
-478
-499
-476
-473
-499
-521
-517
-486
-460
-469
-482
-461
-413
-380
-382
-375
-332
-268
-217
-217
-253
-266
-230
-187
-195
-227
-237
-219
-190
-187
-202
-202
-169
-110
-84
-92
-93
-69
-35
-17
-23
-28
-9
35
56
33
9
22
61
91
72
36
25
49
80
91
105
129
155
193
196
165
249
749
1537
2047
2047
2047
2047
2047
2047
2047
2047
2047
2047
2047
2047
1996
1931
1868
1805
1744
1683
1623
1565
1510
1456
1402
1353
1307
1264
1218
1174
1132
1094
1056
1015
978
941
909
880
849
817
786
758
730
700
672
645
625
603
580
553
531
513
496
473
448
422
405
393
377
356
336
321
312
296
275
252
241
234
229
214
196
184
181
172
153
134
122
117
115
101
76
58
52
51
37
10
-5
-10
-8
-17
-36
-51
-52
-42
-49
-71
-88
-88
-82
-84
-104
-125
-133
-130
-134
-157
-180
-184
-171
-163
-180
-205
-217
-203
-194
-216
-247
-258
-245
-228
-238
-277
-301
-296
-278
-294
-341
-364
-356
-340
-345
-377
-402
-392
-358
-345
-374
-410
-418
-393
-375
-395
-424
-414
-381
-372
-402
-430
-426
-391
-354
-354
-374
-386
-361
-329
-334
-362
-363
-330
-296
-297
-325
-337
-311
-275
-275
-307
-328
-317
-281
-259
-277
-309
-313
-291
-281
-309
-338
-333
-300
-260
-251
-267
-268
-241
-213
-218
-245
-253
-231
-198
-197
-222
-231
-204
-178
-186
-217
-228
-203
-166
-154
-181
-206
-201
-179
-186
-226
-248
-235
-204
-186
-202
-215
-200
-167
-161
-195
-220
-206
-168
-147
-168
-201
-205
-181
-161
-174
-197
-198
-180
-154
-155
-172
-169
-138
-102
-105
-139
-151
-130
-103
-114
-151
-178
-165
-121
-93
-104
-118
-106
-74
-51
-59
-75
-70
-42
-33
-57
-87
-86
-54
-25
-35
-54
-43
-9
17
-6
-50
-67
-52
-33
-43
-78
-100
-76
-28
-8
-22
-34
-20
10
22
0
-20
-7
23
20
-17
-40
-26
3
20
1
-34
-49
-28
-6
-14
-36
-50
-46
-35
-49
-75
-76
-43
-8
-20
-50
-52
-28
-8
-14
-49
-68
-49
-4
8
-13
-29
-22
4
16
-2
-22
-14
19
35
6
-17
-7
20
36
16
1
22
71
99
82
58
61
90
114
101
77
75
100
117
100
68
53
65
90
93
68
51
60
86
84
54
35
44
70
80
54
24
18
40
56
38
11
11
36
52
20
-26
-44
-22
10
6
-23
-33
-8
13
8
-14
-24
-5
25
24
-1
-14
-2
29
38
13
1
20
53
53
20
0
16
53
73
51
16
10
40
58
34
4
5
27
42
23
-4
-4
26
57
41
8
-1
22
54
52
20
1
16
50
49
17
1
18
50
57
26
0
11
49
58
36
21
29
55
71
56
66
121
194
229
214
198
217
250
274
261
217
186
187
201
186
154
140
155
181
179
149
122
120
140
140
112
96
106
132
134
103
72
73
104
115
81
50
54
88
105
81
43
41
68
91
81
60
65
87
108
96
61
52
75
99
83
48
32
48
68
56
23
2
12
37
32
1
-14
5
45
57
28
2
5
38
57
34
1
-9
10
26
0
-37
-43
-11
19
3
-28
-41
-27
-3
-3
-21
-23
-2
26
26
5
-2
16
37
28
-4
-28
-28
-7
-4
-25
-41
-36
-13
-2
-19
-35
-33
-8
0
-29
-77
-108
-105
-89
-91
-110
-130
-117
-90
-89
-113
-114
-74
-20
0
-17
-23
-3
22
10
-24
-41
-21
23
39
18
0
9
42
51
24
12
36
70
85
67
39
27
42
53
34
7
10
35
52
40
21
23
49
68
51
24
20
27
39
26
-11
-45
-43
-20
-21
-58
-101
-110
-98
-97
-124
-153
-156
-137
-134
-166
-188
-173
-132
-99
-103
-116
-100
-59
-36
-52
-62
-35
23
54
37
3
-7
16
32
16
7
25
55
86
91
69
56
71
102
108
89
83
102
140
160
132
88
74
96
104
68
20
-11
-27
-40
-75
-110
-138
-165
-189
-238
-293
-322
-329
-326
-337
-359
-344
-283
-228
-247
-317
-362
-358
-333
-333
-380
-434
-465
-487
-515
-532
-515
-444
-360
-313
-317
-316
-291
-254
-236
-249
-263
-243
-202
-182
-205
-233
-216
-151
-77
-49
-44
-57
-70
-33
33
81
125
188
252
290
309
340
374
395
384
339
311
336
391
429
432
416
407
408
395
362
339
353
395
434
441
456
477
497
500
480
449
439
468
491
470
426
401
401
402
370
322
289
278
272
219
131
67
43
43
38
1
-43
-61
-53
-67
-109
-138
-136
-119
-124
-167
-203
-199
-171
-165
-193
-225
-226
-199
-153
-129
-131
-126
-90
-37
-10
-13
-6
19
37
16
-41
-90
-99
-69
-55
-72
-90
-83
-51
-36
-53
-73
-61
-26
-7
-27
-51
-39
-29
-38
-85
-180
-261
-291
-306
-358
-440
-502
-522
-514
-516
-532
-535
-509
-483
-500
-556
-588
-571
-530
-514
-530
-536
-506
-455
-425
-408
-350
-259
-162
-77
-9
54
121
194
244
246
236
257
284
294
256
180
132
162
205
185
144
145
182
216
212
178
166
201
246
244
203
178
183
208
210
186
167
180
212
215
186
164
169
193
202
187
178
194
233
249
243
304
459
624
728
749
730
730
748
779
837
887
905
916
930
933
955
1016
1148
