35
52
68
57
32

74
24
21
58
81
76
64
38
10
8
16
21
40
74
85
65
39
52
82
99
96
69
42
58
87
70
39
35
52
68
57
32
82
107
96
56
36
48
51
23
1
9
33
49
41
18
5
33
75
82
53
24
28
64
75
54
16
10
43
55
33
18
35
70
87
58
7
-7
19
39
26
12
22
41
56
54
28
8
26
54
40
10
8
35
68
72
44
23
48
97
112
100
93
98
102
89
44
3
10
54
66
32
3
22
60
87
68
27
17
45
69
56
37
39
52
56
49
36
39
71
100
82
36
12
28
71
98
88
67
61
77
81
55
39
56
92
120
88
23
2
39
68
54
37
29
35
48
53
38
27
42
68
65
44
42
59
74
69
56
55
64
68
42
10
2
24
49
54
35
12
22
53
67
43
23
33
59
86
71
33
22
53
86
81
57
43
56
82
89
60
23
28
64
68
38
23
43
93
131
112
51
27
71
102
75
26
16
42
76
80
58
60
99
116
83
35
22
52
96
116
106
84
77
75
59
56
67
80
85
73
41
22
45
96
108
88
74
97
144
172
138
49
5
49
98
96
55
32
39
55
54
32
34
82
123
114
74
65
74
74
55
27
24
66
128
152
130
97
69
42
39
48
50
55
68
55
24
19
42
68
85
76
66
81
121
120
35
-42
-40
7
54
61
34
3
8
35
38
25
29
58
80
69
36
18
42
84
85
41
7
19
45
57
37
6
3
38
64
43
22
16
21
28
18
-9
-20
6
37
27
9
18
49
70
56
18
-3
21
61
66
42
36
50
60
68
68
59
61
84
99
90
85
71
38
32
48
48
40
54
55
23
-6
2
43
85
84
48
21
39
72
60
17
-2
20
66
87
66
28
22
51
60
36
10
11
32
48
40
21
24
61
81
57
25
24
60
112
116
64
4
17
75
101
83
64
56
53
28
-4
-11
23
73
70
22
-5
8
36
57
70
70
68
68
57
48
42
33
27
50
68
69
80
102
105
75
74
114
152
147
81
23
24
70
103
81
33
13
34
58
73
64
49
72
117
121
82
55
74
104
116
97
61
55
85
101
68
24
16
28
48
48
26
37
89
124
98
37
3
16
44
49
26
13
42
96
99
52
17
26
57
59
24
-5
5
56
93
97
106
124
100
45
19
11
23
65
91
70
26
12
39
86
104
72
37
36
54
49
28
35
52
58
70
66
40
34
45
48
29
21
29
37
37
22
3
6
40
57
29
5
11
39
71
82
57
39
54
58
32
12
36
85
113
92
40
1
16
60
68
32
6
17
40
52
40
22
27
65
83
67
48
43
51
60
56
40
36
61
89
68
22
6
27
66
88
68
28
22
49
48
25
20
37
64
65
36
8
22
68
83
56
35
54
81
89
59
16
9
52
74
44
7
1
22
54
64
42
35
73
114
96
53
37
50
69
73
48
25
50
118
161
162
137
100
86
98
82
49
37
60
71
43
24
39
84
132
124
71
41
70
101
90
72
80
109
124
99
52
37
72
112
102
64
37
48
82
100
81
49
49
80
88
66
42
48
60
72
65
37
26
48
48
8
-13
3
35
53
39
0
-19
11
52
53
26
9
26
75
106
74
6
-22
23
75
75
48
22
10
25
38
37
52
80
76
37
4
8
38
92
129
100
20
-13
24
56
44
28
24
23
10
-6
1
38
86
91
68
52
68
90
102
81
37
26
60
85
66
40
44
65
65
35
2
16
70
105
81
33
12
32
61
69
48
42
80
116
91
32
-1
22
70
88
54
11
21
69
96
88
81
91
103
102
69
1
-23
25
55
11
-35
-42
-18
11
22
10
8
38
73
69
40
32
51
82
97
75
64
91
130
115
57
22
24
52
90
100
69
38
42
44
25
11
21
37
49
28
3
11
71
123
117
76
50
41
41
28
3
1
44
96
84
27
4
45
107
131
97
45
23
38
61
72
84
90
86
71
37
5
11
59
89
88
87
85
65
55
55
50
49
66
64
27
1
12
58
98
91
66
52
70
90
58
2
-8
20
43
48
32
12
21
65
86
64
33
34
53
68
50
16
5
42
80
70
36
21
43
73
73
54
56
93
113
57
0
-3
27
53
56
33
-3
-9
10
13
-1
11
53
84
76
25
-30
-39
8
42
28
10
27
69
100
85
39
21
56
87
64
17
4
28
68
84
65
43
58
84
64
25
26
68
90
58
-2
-25
4
56
70
40
16
24
57
83
72
39
25
50
69
43
19
42
89
99
58
10
-9
10
40
26
-4
-5
26
57
64
26
-9
0
35
34
4
-3
20
44
58
50
27
33
67
77
43
19
27
60
90
84
49
29
60
104
100
69
54
59
75
85
73
58
74
105
98
43
10
33
61
66
38
4
5
43
74
68
60
77
105
123
106
65
39
59
90
81
57
61
83
102
102
85
70
90
114
93
56
51
82
116
130
91
38
34
73
100
75
49
53
73
93
81
51
42
81
102
66
20
12
40
68
65
34
18
37
69
65
40
38
59
88
101
80
44
40
59
56
34
33
66
104
113
67
5
4
70
107
52
-33
-46
4
56
61
32
11
32
52
35
5
7
40
73
76
50
27
42
69
66
40
26
34
51
64
50
26
44
91
104
65
18
4
26
64
61
29
8
26
44
33
12
20
53
89
90
41
2
18
51
41
17
20
43
61
60
48
49
81
101
58
11
11
41
60
43
3
-23
-7
51
99
96
70
54
52
53
43
25
23
49
67
43
8
-5
10
45
57
24
-9
-4
29
42
16
-4
12
54
76
64
36
38
66
58
21
0
11
44
70
54
28
49
119
170
130
34
-1
28
73
83
45
12
10
32
33
19
22
50
89
103
68
23
23
57
67
48
34
50
80
85
54
16
11
51
77
60
28
25
40
59
54
26
23
66
107
116
100
86
75
74
77
65
35
32
55
55
25
5
13
39
51
38
21
36
64
53
4
-25
-8
32
69
65
29
9
33
64
67
58
58
68
75
72
61
70
100
108
70
8
-7
33
86
108
77
32
25
55
64
51
49
67
86
80
55
38
50
80
84
53
23
13
24
44
53
40
35
60
87
71
40
34
55
85
91
68
50
73
119
117
80
66
88
116
120
84
38
42
92
109
71
25
10
24
45
44
25
25
60
88
66
29
37
72
106
119
107
88
74
57
38
23
22
33
41
42
32
34
73
122
115
52
6
7
32
40
19
-12
-18
11
41
35
17
17
38
60
59
32
13
33
54
53
33
24
41
59
57
32
8
37
96
122
122
106
71
26
11
11
3
3
23
29
17
10
36
72
89
67
21
7
34
41
10
-17
-11
20
57
65
38
16
33
61
56
34
27
41
49
39
25
17
24
44
38
1
-6
32
74
93
75
35
23
56
84
65
29
33
69
103
112
76
42
55
87
77
43
33
52
83
89
64
34
44
89
99
57
25
26
43
53
42
33
49
96
115
87
57
56
73
88
80
60
80
136
164
113
57
68
97
87
43
-5
-24
5
56
55
18
0
25
65
72
45
19
32
75
92
65
24
17
39
60
51
20
18
64
101
96
72
58
52
53
43
22
21
56
90
80
55
55
82
103
100
84
85
97
84
39
10
18
37
49
51
48
53
84
118
115
68
21
18
43
65
51
17
4
40
87
88
64
59
88
107
92
54
33
60
101
90
37
12
38
77
87
50
3
1
39
65
56
43
51
71
87
69
23
0
20
52
61
55
43
54
88
89
50
17
22
39
38
24
13
17
28
36
19
-1
4
43
76
75
58
42
29
39
40
17
-2
26
57
40
6
7
34
67
75
57
48
67
80
52
11
10
45
82
86
59
40
49
67
55
34
28
38
51
51
28
11
26
59
73
55
40
43
50
51
40
26
28
56
74
54
25
35
67
82
68
39
29
54
83
73
42
32
49
80
92
83
64
66
84
72
35
13
25
54
81
84
61
52
77
91
67
43
52
66
59
41
18
6
33
68
66
39
33
58
88
85
64
58
96
132
100
32
1
24
61
76
52
12
3
29
54
48
33
38
59
76
65
38
24
42
72
69
52
58
81
90
69
21
-6
19
72
91
71
25
-10
2
36
41
26
23
43
50
28
18
35
77
123
121
83
60
71
67
45
25
29
48
56
42
18
10
43
72
57
27
22
34
48
50
29
17
38
72
73
49
35
52
81
92
75
49
49
72
77
45
18
13
35
53
44
23
25
59
81
61
39
41
74
112
106
58
23
49
100
97
41
3
9
43
65
52
24
35
89
128
117
80
35
23
39
27
2
6
50
81
60
21
19
50
77
68
33
9
21
36
21
0
8
39
76
87
54
24
37
68
69
53
51
60
69
74
64
40
42
76
93
68
33
29
58
91
89
54
42
90
136
130
93
70
69
82
80
49
24
40
69
58
38
40
74
107
120
104
72
75
113
119
82
51
58
87
100
75
42
44
84
113
99
67
59
74
90
92
82
69
80
88
51
3
-3
34
68
59
17
-18
-3
50
75
68
61
75
89
85
57
28
40
82
84
34
3
25
56
64
33
-3
-5
35
70
59
40
51
69
77
68
38
32
81
140
133
68
20
23
53
81
58
7
-17
7
29
24
19
40
68
75
45
8
8
50
82
54
16
17
49
83
82
50
23
27
43
42
45
72
88
83
64
18
-10
10
56
66
39
7
4
16
23
13
-2
11
53
70
64
69
93
107
74
25
13
36
65
68
22
-11
-2
25
49
49
26
20
49
80
70
50
56
87
109
109
87
53
39
60
61
40
39
56
67
61
40
21
35
73
88
56
22
17
34
52
58
58
71
103
135
123
83
56
59
70
71
54
27
34
65
54
26
19
34
64
82
76
55
41
41
35
18
18
38
59
72
56
21
12
51
83
60
17
-6
4
28
34
8
-1
28
80
90
66
56
87
138
153
103
34
26
83
104
60
17
9
22
27
10
-10
6
61
89
67
36
38
59
81
80
40
7
12
39
39
23
33
65
98
92
41
-3
1
41
59
40
22
36
61
72
53
27
35
65
68
34
9
22
48
70
74
52
36
65
98
75
41
35
49
52
38
10
-1
21
56
54
24
12
33
65
81
57
29
36
73
97
83
65
58
59
58
38
11
16
51
75
66
44
48
67
89
93
71
54
69
82
57
25
24
50
73
81
57
42
64
89
81
33
5
24
65
85
57
9
-3
36
69
60
40
38
56
71
66
50
43
60
96
113
98
69
49
56
69
51
24
34
69
76
51
36
48
75
96
84
54
37
57
74
73
75
90
96
84
53
27
51
103
108
51
4
21
67
99
86
43
23
49
73
59
40
58
100
129
124
81
35
44
92
106
89
90
104
107
100
80
58
65
87
81
40
16
33
64
80
76
73
72
76
64
37
36
55
74
76
53
10
-13
9
60
74
44
17
20
35
40
25
8
22
54
66
49
39
55
69
72
53
24
20
53
72
51
32
38
56
70
68
48
40
75
118
115
74
42
36
44
54
40
18
25
42
22
-20
-28
2
35
53
39
2
-1
41
56
40
28
36
50
60
54
32
25
41
49
32
17
26
52
67
67
54
48
75
104
85
53
55
88
116
116
84
54
69
103
98
60
44
53
68
83
72
42
36
65
76
51
26
28
50
81
100
85
59
65
74
51
18
12
29
38
29
7
-6
12
51
54
33
21
34
57
66
50
22
18
53
76
70
60
67
70
61
37
6
3
44
82
76
52
41
64
86
80
44
20
32
57
50
16
5
40
72
58
13
-2
36
98
106
67
36
44
57
52
23
-2
2
34
52
34
13
41
99
134
100
26
2
48
84
52
4
-6
19
49
59
38
13
36
80
80
48
24
22
37
44
25
-2
-1
28
50
40
26
32
50
65
43
7
11
66
105
82
34
20
41
71
71
38
9
26
70
76
53
36
42
59
