69
73
70
80
82
59
16
-5
3
12
19
34
40
23
4
26
58
56
44
54
55
50
39
34
36
54
52
35
41
75
89
65
27
-4
6
52
85
74
37
-23
-40
11
50
28
-33
-93
-104
-85
-59
-53
-57
-69
-52
-24
6
22
49
65
69
86
81
41
22
32
44
33
22
41
55
40
32
42
70
71
72
70
68
65
59
76
89
75
70
90
129
139
128
132
135
124
123
128
121
129
137
116
87
97
92
81
70
69
81
96
91
67
41
41
41
57
72
81
74
49
27
42
56
55
69
84
82
45
18
28
64
80
89
68
41
24
17
48
86
100
105
136
157
154
156
153
130
114
105
96
92
61
24
12
53
91
38
-20
-6
44
106
131
105
72
70
89
91
86
82
66
50
65
70
59
67
83
60
28
34
42
37
37
44
60
89
137
155
141
123
114
92
84
81
67
41
43
65
59
41
29
23
24
34
48
56
39
23
23
37
60
68
53
27
2
-3
-7
-5
-34
-76
-73
-52
-59
-68
-50
-20
-18
-18
7
50
80
59
18
24
48
69
57
25
10
-11
-51
-68
-41
8
53
55
20
-5
-7
6
34
48
35
-3
-27
-1
36
51
54
41
39
48
48
32
32
42
51
52
44
28
22
19
29
43
44
44
23
3
52
115
131
102
87
107
146
150
132
101
81
99
122
116
107
113
116
123
134
129
113
118
119
101
92
108
97
72
68
59
36
33
54
70
73
93
112
104
90
66
41
52
60
53
41
36
48
68
74
65
71
96
83
54
67
106
96
22
-19
39
151
192
178
152
120
92
104
132
144
120
96
85
85
70
51
66
92
100
115
146
145
100
77
87
85
104
139
140
120
85
65
54
11
19
74
109
85
24
-1
21
91
133
83
37
9
-3
23
55
60
85
100
118
117
99
72
41
-1
-25
-17
13
34
36
25
20
19
-6
-17
26
68
51
11
12
49
64
24
-17
19
116
156
77
3
-4
17
39
44
24
13
11
-11
-68
-86
-72
-25
10
12
4
-11
-36
-21
6
27
24
0
-10
-7
-10
-22
-20
-4
-4
-4
11
24
27
9
-5
-13
-4
7
-4
-20
-6
-6
-27
-57
-61
-39
-11
-2
1
13
32
40
50
56
68
65
10
-40
-26
-3
5
-1
-10
-24
-29
-28
-7
40
65
50
21
25
51
68
67
76
90
105
112
84
36
64
118
105
74
73
86
43
-5
-17
-20
-21
-14
22
58
58
44
27
34
45
42
37
32
40
52
28
-3
-10
-4
2
-13
-42
-18
22
35
7
-10
0
32
60
77
76
75
87
91
74
83
91
61
36
92
161
156
117
113
129
128
116
105
114
101
60
40
49
67
90
117
136
133
117
133
156
170
177
169
165
163
155
151
173
196
170
134
149
199
231
214
166
132
129
151
187
205
201
170
134
109
113
115
130
139
144
163
166
134
116
113
97
81
73
70
70
59
44
58
80
76
50
21
26
56
51
11
-24
-25
6
26
10
5
5
1
5
-2
-36
-77
-69
-14
6
-10
-33
-39
-23
-5
-3
-13
-13
-5
-7
-4
12
21
13
6
-9
-39
-40
-28
-34
-36
-27
-28
-38
-19
32
72
75
44
20
25
57
58
22
-12
-13
37
104
131
101
58
42
44
66
76
57
24
2
20
65
102
109
103
83
68
64
60
45
51
75
100
102
97
89
73
42
19
21
43
60
58
27
8
25
76
115
109
76
54
69
83
59
40
58
66
57
69
92
96
69
55
44
19
0
20
51
32
-2
-33
-36
-7
26
19
32
76
106
86
54
56
92
107
106
90
90
104
112
93
75
75
89
88
74
64
58
60
58
37
27
32
44
59
56
40
41
60
60
35
22
43
53
52
56
74
96
109
105
84
80
92
97
100
84
54
36
41
35
16
12
27
38
36
43
54
64
83
101
114
101
80
54
40
52
67
58
51
49
34
26
36
32
1
-8
10
4
-8
32
96
122
107
72
48
53
80
106
112
84
44
21
43
74
67
37
19
4
-29
-52
-74
-93
-88
-73
-66
-59
-28
-13
-11
20
54
34
0
16
41
34
1
-19
-2
19
22
28
39
37
36
26
24
35
24
7
6
12
21
17
12
5
1
27
73
85
66
52
39
28
21
11
0
11
38
58
74
80
50
43
93
147
134
75
42
42
55
70
87
86
60
26
7
27
69
88
71
44
34
26
27
48
56
53
52
61
69
70
68
45
26
45
91
131
136
115
88
81
128
166
155
122
75
33
22
44
70
67
67
85
105
119
128
122
123
136
137
114
77
65
86
106
90
56
57
102
149
162
141
112
93
114
145
140
118
104
103
113
113
123
147
156
155
152
131
120
137
151
152
170
177
168
153
148
148
161
156
135
118
113
119
141
194
208
168
131
118
141
156
146
147
139
104
81
83
105
150
177
165
138
129
162
186
177
134
102
116
140
121
74
69
81
67
39
40
52
59
70
76
71
82
91
64
21
33
69
59
19
-25
-44
-9
43
57
-3
-28
-3
26
74
121
129
104
114
105
80
73
86
96
69
33
34
56
77
18
-78
-83
-39
-40
-61
-67
-40
-4
51
92
81
100
133
107
81
116
147
112
40
19
10
25
56
38
13
10
-8
-14
13
66
86
87
119
149
88
34
61
113
144
129
54
1
29
83
51
43
120
187
140
40
4
32
56
64
50
10
-10
-19
-4
37
80
114
155
145
122
107
104
89
50
6
-1
20
20
-21
-40
3
41
54
26
-9
-3
16
27
28
8
-9
-2
26
16
-18
-19
20
56
64
43
34
43
66
104
116
57
-18
8
114
153
93
64
55
25
25
83
128
118
87
69
104
149
148
113
54
-2
-33
-25
-51
-99
-91
-27
-5
-7
5
-5
-18
6
35
34
36
61
49
6
-17
-9
49
118
108
60
29
37
51
56
77
108
97
61
26
26
53
49
13
3
23
50
50
57
74
60
41
71
98
65
2
-29
-21
3
-1
-37
-72
-87
-68
-44
-44
-55
-36
-10
-24
-51
-41
-6
23
34
67
101
107
99
90
84
75
84
96
86
59
42
44
45
49
42
40
45
32
-1
-39
-37
-18
-9
-11
-36
-35
8
85
132
125
101
76
53
58
116
152
114
51
22
8
1
9
27
38
58
75
56
45
65
66
51
39
20
-19
-50
-51
-25
10
21
-2
10
68
109
89
27
-11
-52
-85
-69
-9
56
107
103
53
11
0
-7
-2
1
-2
-13
-45
-75
-55
26
140
179
115
56
76
113
121
96
43
-3
-28
-42
-42
-17
17
28
40
37
9
-9
17
74
81
51
32
21
5
-12
-39
-43
-3
50
64
48
32
25
20
18
27
42
48
35
1
-38
-33
16
64
73
45
17
-2
22
90
133
123
105
90
76
68
77
93
90
76
42
16
4
-3
11
42
58
61
59
74
72
54
45
42
37
40
56
72
74
83
93
80
39
23
36
39
12
-20
-19
33
89
96
71
73
96
120
165
186
160
115
116
148
167
152
144
184
259
290
246
163
140
186
209
188
193
200
210
214
199
186
208
227
196
148
160
197
195
154
107
88
84
81
67
39
16
-11
-21
5
32
26
11
25
36
17
2
-2
-17
-26
-29
-33
-22
-5
-6
-25
-37
-19
0
12
17
-3
-21
-19
-8
-21
-38
-34
-25
-37
-29
-10
10
25
34
24
-1
-13
-12
-5
11
1
-38
-55
-36
-13
-17
-35
-35
-28
-34
-26
-10
-8
5
33
24
-2
-10
-1
19
34
37
27
32
42
42
38
49
54
43
32
35
37
25
11
2
4
18
22
18
28
32
20
8
23
48
55
45
41
35
33
40
40
38
52
53
36
17
12
20
22
20
21
16
16
38
65
58
54
54
69
84
74
59
54
50
36
26
21
3
-17
-20
-9
-9
-21
-28
-26
-1
39
73
76
56
39
39
49
51
25
-5
-25
-27
-33
-41
-54
-51
-37
-33
-56
-93
-113
-114
-115
-108
-104
-92
-89
-102
-105
-105
-113
-106
-98
-86
-71
-59
-51
-42
-26
-12
-17
-23
-21
-8
5
7
1
-9
-1
13
20
28
45
43
20
2
4
20
26
24
19
12
18
16
6
7
10
10
6
9
22
27
23
22
21
42
73
71
49
52
71
73
66
59
54
54
55
59
57
66
70
68
65
58
50
57
100
141
135
114
114
107
93
112
121
106
93
85
76
75
85
107
124
128
124
124
117
97
76
75
87
84
72
74
98
115
125
129
124
121
130
130
116
109
106
74
52
64
72
57
40
36
20
-5
-17
-17
-6
19
40
43
40
38
41
54
83
112
130
150
169
166
137
121
132
160
164
145
124
133
141
145
135
116
100
98
113
121
98
71
65
67
61
55
66
84
88
73
50
29
32
40
41
10
-19
-28
-17
40
89
85
69
86
116
124
123
112
102
131
182
203
202
208
230
256
281
310
314
309
316
336
346
349
329
284
279
306
310
298
300
305
290
257
218
209
220
242
244
227
214
198
176
165
164
145
101
73
61
37
12
0
-17
-22
-20
-7
4
20
22
3
-10
-20
-25
-22
-17
-7
-5
-28
-60
-69
-59
-56
-76
-114
-136
-138
-130
-131
-139
-152
-161
-150
-132
-132
-138
-132
-116
-109
-99
-98
-118
-125
-99
-84
-97
-108
-120
-126
-114
-94
-105
-120
-108
-102
-109
-115
-113
-118
-120
-116
-93
-65
-44
-39
-40
-13
20
17
-14
-35
-42
-54
-66
-74
-78
-73
-52
-38
-26
0
9
9
22
27
19
8
1
5
0
0
24
25
11
-3
-10
8
27
27
19
9
18
23
17
12
-1
-27
-39
-29
-13
-12
-10
-7
-7
1
25
48
66
57
33
13
20
36
11
-37
-65
-59
-27
8
33
50
59
67
58
52
72
75
57
48
57
65
54
53
44
32
39
76
105
103
100
102
103
104
105
105
100
88
83
97
106
100
83
71
72
92
139
177
165
135
119
118
112
116
122
104
77
76
88
90
84
73
64
64
87
106
96
58
53
89
122
131
116
87
89
91
73
51
49
48
51
54
49
39
42
33
2
-7
2
-4
-21
-19
4
26
43
60
65
65
75
99
114
109
93
72
66
83
102
92
70
57
55
58
58
51
35
33
37
34
34
42
39
51
64
54
35
33
32
34
59
88
85
69
60
70
60
41
35
38
48
50
52
64
82
93
92
74
72
75
75
87
100
97
96
97
82
55
43
50
69
106
146
147
148
177
218
245
275
309
305
274
263
296
358
394
395
388
379
369
365
387
411
408
371
344
337
322
311
325
314
276
250
233
188
151
134
105
61
49
43
23
-9
-38
-45
-33
-11
-3
-26
-71
-94
-108
-132
-152
-166
-177
-180
-187
-186
-169
-146
-139
-149
-138
-115
-99
-97
-104
-107
-115
-106
-92
-88
-69
-41
-26
-17
-12
-19
-28
-22
-12
-13
-28
-40
-34
-2
17
5
-22
-29
-25
-21
-7
10
18
19
11
5
-4
-12
-4
18
42
38
3
-19
-21
-9
2
1
-12
-34
-43
-29
-11
-14
-17
-5
5
12
13
16
17
16
7
-2
-17
-41
-71
-87
-72
-54
-54
-59
-59
-56
-38
-6
35
73
100
104
83
61
68
89
104
105
112
113
108
117
122
119
135
165
183
180
146
99
70
84
99
77
57
51
41
52
73
88
87
85
81
70
65
72
72
60
59
70
70
67
68
56
38
37
33
17
16
20
26
35
65
98
97
85
86
84
70
54
53
53
53
50
40
39
45
44
38
32
39
54
71
65
39
33
43
56
65
69
72
59
56
66
54
42
49
66
80
99
108
91
57
37
12
-4
-7
-1
-9
-28
-33
-7
26
59
75
74
58
36
12
2
2
-8
-35
-51
-51
-53
-60
-69
-76
-81
-85
-106
-146
-171
-153
-136
-151
-171
-165
-163
-170
-171
-142
-101
-66
-51
-35
-18
0
6
3
-10
-39
-74
-84
-71
-61
-52
-40
-37
-27
-4
28
33
16
2
-14
-24
-4
27
52
71
84
81
73
87
97
82
60
41
20
9
0
-5
-2
19
22
6
17
55
71
74
88
98
99
114
128
112
99
109
108
114
132
149
151
154
162
147
124
119
107
98
93
87
82
76
85
85
81
87
107
129
144
137
117
97
90
88
81
81
96
90
74
69
67
64
68
61
39
17
19
27
42
64
81
84
92
114
107
84
75
82
81
73
73
73
75
76
59
27
17
29
32
18
0
-8
-13
-9
3
4
-3
-8
-4
7
27
41
40
39
43
48
44
43
53
55
52
24
-17
-42
-36
-6
20
36
51
54
59
69
77
89
102
